0.9967245725213855 0.06767770676531366 0.04427024439790127 -0.04326245338762505 -0.01628555630027566 0.9989309990098786 0.06832632478734137 -0.9975743123512046 -0.013304310507349475 -0.03104527949776907 0.15046238193144076 0.027031120786865842 0.0 1.49059 0.0 1.49059 1.49059
0.9967245725213855 0.06767770676531366 0.04427024439790127 -0.04326245338762505 -0.01628555630027566 0.9989309990098786 0.06832632478734137 -0.9975743123512046 -0.013304310507349475 -0.03104527949776907 0.15046238193144076 0.027031120786865842 0.0 1.49059 0.0 1.49059 1.49059
0.9967245725213855 0.06767770676531366 0.04427024439790127 -0.04326245338762505 -0.01628555630027566 0.9989309990098786 0.06832632478734137 -0.9975743123512046 -0.013304310507349475 -0.03104527949776907 0.15046238193144076 0.027031120786865842 0.0 1.49059 0.0 1.49059 1.49059
0.9967245725213855 0.06767770676531366 0.04427024439790127 -0.04326245338762505 -0.01628555630027566 0.9989309990098786 0.06832632478734137 -0.9975743123512046 -0.013304310507349475 -0.03104527949776907 0.15046238193144076 0.027031120786865842 0.0 1.49059 0.0 1.49059 1.49059
0.9967245725213855 0.06767770676531366 0.04427024439790127 -0.04326245338762505 -0.01628555630027566 0.9989309990098786 0.06832632478734137 -0.9975743123512046 -0.013304310507349475 -0.03104527949776907 0.15046238193144076 0.027031120786865842 0.0 1.49059 0.0 1.49059 1.49059
0.9967245725213855 0.06767770676531366 0.04427024439790127 -0.04326245338762505 -0.01628555630027566 0.9989309990098786 0.06832632478734137 -0.9975743123512046 -0.013304310507349475 -0.03104527949776907 0.15046238193144076 0.027031120786865842 0.0 1.49059 0.0 1.49059 1.49059
0.9967245725213855 0.06767770676531366 0.04427024439790127 -0.04326245338762505 -0.01628555630027566 0.9989309990098786 0.06832632478734137 -0.9975743123512046 -0.013304310507349475 -0.03104527949776907 0.15046238193144076 0.027031120786865842 0.0 1.49059 0.0 1.49059 1.49059
0.9967245725213855 0.06767770676531366 0.04427024439790127 -0.04326245338762505 -0.01628555630027566 0.9989309990098786 0.06832632478734137 -0.9975743123512046 -0.013304310507349475 -0.03104527949776907 0.15046238193144076 0.027031120786865842 0.0 1.49059 0.0 1.49059 1.49059
0.9967245725213855 0.06767770676531366 0.04427024439790127 -0.04326245338762505 -0.01628555630027566 0.9989309990098786 0.06832632478734137 -0.9975743123512046 -0.013304310507349475 -0.03104527949776907 0.15046238193144076 0.027031120786865842 0.0 1.49059 0.0 1.49059 1.49059
0.9967245725213855 0.06767770676531366 0.04427024439790127 -0.04326245338762505 -0.01628555630027566 0.9989309990098786 0.06832632478734137 -0.9975743123512046 -0.013304310507349475 -0.03104527949776907 0.15046238193144076 0.027031120786865842 0.0 1.49059 0.0 1.49059 1.49059
0.9967245725213855 0.06767770676531366 0.04427024439790127 -0.04326245338762505 -0.01628555630027566 0.9989309990098786 0.06832632478734137 -0.9975743123512046 -0.013304310507349475 -0.03104527949776907 0.15046238193144076 0.027031120786865842 0.0 1.49059 0.0 1.49059 1.49059
