0.9931471246843718 0.11677139301776222 0.004819803300535601 -0.0023985019103698445 -0.020867051663795443 0.9997793823356463 0.11684620627025293 -0.9929395791927883 -0.020443975951309035 -0.03503916631527014 0.17969565521120429 -0.051954819866338 4.099325323636549e-10 1.4150488391608853 -1.0013501139383152e-09 1.4143560833366324 1.4108883976082405
0.997901228508885 0.06202472228799385 0.01860300958326727 -0.01794672792443824 -0.011121387047164883 0.9997770900090444 0.062217787627527256 -0.9980126495066304 -0.009984904981597171 -0.02457299215917722 0.18487914074281592 -0.0514188092915943 1.4026717565229774e-09 1.427808655271674 -1.9787185223663073e-09 1.4243751643212672 1.4196953911554875
0.997147012732386 0.07537914935264585 0.003977290755064312 -0.003777358751899309 -0.0027947363942615695 0.9999889604437371 0.07538943267950925 -0.9971510283258792 -0.0025020289573944618 -0.02682665921343255 0.18419050149382687 -0.05054320942331793 0.0 1.4445 -1.5328367465008854e-07 1.4445 1.4445
0.9999816399486974 0.005499026504609052 -0.002545677319509012 0.002558804092480806 -0.0023813934029100333 0.9999938907248768 0.00549293065036861 -0.9999820446752841 -0.002395420611929639 -0.01528843798315624 0.18496852554430068 -0.05204710133901462 -9.421015079169592e-10 1.4307437865092396 -2.2301627211618325e-10 1.4310317762845628 1.4234816243127622
0.9998957413017933 -0.0034514645268441196 -0.014021195354076862 0.014067986755951278 0.013928122365796897 0.9998040303759521 -0.0032554992200320536 -0.9998970420998272 0.013975225395142855 -0.01361562624778139 0.18538572522380814 -0.05325425884289653 -2.353726102910514e-10 1.428536534794187 -1.003785499165133e-09 1.4316116088029034 1.4216159481823656
0.9998721405951423 0.0023785037164256394 0.015812817008965346 -0.01591248283147594 0.05030868711639328 0.9986069441430712 0.001579668264559926 -0.9987308840326786 0.05034010257715162 -0.014532847833840658 0.1878769506264929 -0.055755910412392834 1.6060326402111968e-09 1.4277324490729493 -2.653228747817593e-09 1.4240607403396845 1.4177252535677898
0.9996370734272997 -0.022687069392429322 -0.01452646936067849 0.016774436923470293 0.1022650321097037 0.9946157456392403 -0.021079366584509866 -0.9944984464995329 0.10260848022659476 -0.010745619882427535 0.18830325739244025 -0.056453540234332134 3.312641716490816e-09 1.4257394714648646 -4.12876399735751e-09 1.429683573023147 1.418944105198908
0.9992236308022563 0.0007466511234247115 -0.03939007690340533 0.03930910739485277 0.04791106731341775 0.9980778144537173 0.002632436547426908 -0.9988513263449116 0.04784452044732739 -0.014624144660413566 0.18617925287334283 -0.06098166818604904 4.733180958282901e-09 1.419951242326455 -5.1293245206807114e-09 1.4286309538775104 1.4165427184775874
0.9996341823064129 -0.024214193758992555 -0.012048833353954291 0.015101506576013585 0.13012971283163086 0.9913819659129836 -0.0224376037874817 -0.9912012563848772 0.13044777988649994 -0.010499799580309629 0.18952347024174993 -0.06941087544150094 6.539993435694669e-09 1.4275483757974152 -6.594003565396633e-09 1.4310745949795347 1.4191334513817342
0.9981127942158831 -0.02898585536706318 -0.054135664872630676 0.054961895682616085 0.02850953955981913 0.9980813574939974 -0.02738685899359971 -0.9991731713485541 0.03004885375081525 -0.009665009072462627 0.19412639872103898 -0.05726454846443707 7.816348457367894e-09 1.415108664409301 -7.304251425921393e-09 1.428767417471053 1.4129560088479778
0.9946815332256843 0.1014823258932007 -0.017606390632609544 0.010378396977944113 0.07131694154332982 0.9973997106100811 0.10247407640945116 -0.9922777994998233 0.06988442089492108 -0.03078454182262404 0.1925984202820551 -0.05382581603523577 9.045475479751985e-09 1.4267249023034614 -8.459811517980143e-09 1.4273734410231453 1.4173751641105223
0.994680711835486 0.10157454566319601 -0.017114122114971243 0.009860439587321189 0.07148946511702245 0.9973926148254894 0.10253318113467286 -0.9922559488612791 0.0701076223802165 -0.030728623973397415 0.19254260108431892 -0.0539306208726872 1.0087992663443401e-08 1.4305187392609637 -9.366220687923033e-09 1.430612362426774 1.4215655514623098
0.9987754289085837 0.04794343635557501 -0.012209402888488693 0.01767103797593679 -0.11520252153077147 0.9931848334775382 0.04621013985401374 -0.9921843608641345 -0.11590865813778292 -0.021129678944546433 0.19088200725842322 -0.032936183041132897 9.520483068570229e-09 1.4317760913570865 -1.0697449148722171e-08 1.4344475591723844 1.422040716720499
0.9982992096283598 -0.05828971766013209 0.0009984340208646163 -0.0005628102101164215 0.007489363314301038 0.9999717959431724 -0.058295551288750365 -0.9982716154695818 0.007443819429042434 -0.004808750914393491 0.18974077099560702 -0.054234636937441766 -7.879457086801267e-10 1.4234144488663585 -2.837827750568067e-10 1.4232648741734382 1.4154939701062252
0.9989257013196048 -0.046294189296430054 -0.0020715406155838436 0.0012521273222717056 -0.017722126826479324 0.9998421667432892 -0.046323594639282185 -0.9987706314555572 -0.01764512174973536 -0.006654931146928808 0.19104661710053736 -0.051487623770036114 -6.503375615807272e-10 1.4266280808162142 -3.5364422501515946e-10 1.4268993018445162 1.4173155530492378
0.9993834947881532 -0.0068394311935500015 -0.03443620951797711 0.03447966181639423 0.006340257548565529 0.9993852880922577 -0.0066168924764128025 -0.9999565107119243 0.006572170021312488 -0.013002818599630234 0.1918880802672706 -0.05056070550558403 5.292966065439941e-10 1.4211638494743024 -1.0598872890454913e-09 1.4296692739561632 1.4161539042011304
0.9984976341485396 0.01927312614441508 -0.05129348114907492 0.05084894352051211 0.02288790363871956 0.9984440539208358 0.020417138453191958 -0.9995522449955511 0.021873499531100165 -0.017568005611180926 0.19070789010592104 -0.0530211775728245 1.5944126019462601e-09 1.416118067797032 -1.7519399264642743e-09 1.4290254410605732 1.4131364236356312
0.998290785067791 -0.05682049043757292 0.013672611863396415 -0.013413384970838492 0.004941109991137715 0.9998978280482859 -0.05688224285625072 -0.998372183756383 0.004170509459688163 -0.0047649886923569335 0.1881099434232384 -0.05664142525792533 2.081690375632661e-09 1.4287327118259068 -2.362374296183134e-09 1.4253254114074503 1.4174018882450987
0.9982328812893243 -0.002131373123573612 -0.05938494726293585 0.059417132812574554 0.021539956545162435 0.9980008189377229 -0.0008479629393079219 -0.999765716315898 0.02162853296488086 -0.013938579075757926 0.18553267756941108 -0.05541689169021241 2.9395330614079285e-09 1.4163423493632452 -3.1132261213429047e-09 1.4286422659821056 1.4150200954600392
0.989377270677288 0.14141803365750974 -0.033668323742119505 0.0313675668326171 0.018467615073146187 0.9993372918812304 0.14194608842149203 -0.989777695722607 0.013835498974898889 -0.037469293344324556 0.19047188771803852 -0.06636642241828974 3.7624303672600945e-09 1.4143684940528454 -3.569152084992311e-09 1.4215020503326636 1.4093082014882272
0.9971408204155424 0.06686016749991319 -0.03521224592244136 0.03820239610024807 -0.043983254304769216 0.9983015828260325 0.06519786187612818 -0.996792451487593 -0.04641171688416363 -0.02505507899480893 0.18511665562888957 -0.059419503029029375 4.680241083576675e-09 1.420575797424843 -4.209815607225664e-09 1.4273385031565402 1.4176302737154867
0.9982180274985338 -0.005511766194291829 -0.059417085172160905 0.05876640158747243 -0.08202951268954987 0.9948958081590127 -0.010357587624359324 -0.9966146594754336 -0.08155943168799841 -0.012408580572858603 0.18510305012922237 -0.0623819721310242 5.398369751219434e-09 1.4183826429385409 -4.397980646331234e-09 1.427402238243964 1.4160559170003353
0.9928152686382473 -0.1181344208339358 0.01902895091683414 -0.010362309282845747 0.07354783851886301 0.9972378542732568 -0.11920765455746278 -0.9902701520612613 0.07179527165123634 0.00541147362247134 0.1917688813445025 -0.05286557297886256 6.0243747768140565e-09 1.4239866749752261 -5.003804481873431e-09 1.4208012079553098 1.4151918064868205
0.9886628350679398 -0.1483811594803797 0.02299630550070572 -0.006174256381189472 0.11284929207467484 0.9935929326622569 -0.15002558819602407 -0.982470390795317 0.110653757717188 0.011362727171557629 0.20144277251182946 -0.05426165927814569 6.132772512046358e-09 1.4231279732285067 -5.265628821859991e-09 1.4215308582874107 1.4168690774203494
0.9847540391685129 -0.17338950260945385 0.013984374356588836 -0.031814546376831204 -0.10048488649320211 0.9944297975348912 -0.17101846970469442 -0.9797136663185293 -0.10446920622159447 0.013951357885293255 0.19191086316839595 -0.06491242775788808 6.40647002114747e-09 1.4132230204198581 -5.8343410103134374e-09 1.406550484016683 1.4056657524238965
0.9880999062919265 -0.151479871613713 0.026691266020534787 8.879862867183785e-05 0.17409188579834353 0.9847294082203395 -0.15381341716732475 -0.9730086658376016 0.17203362724839869 0.013805145669017322 0.2082159288065669 -0.07105956129519195 6.392725460102611e-09 1.437345034076385 -5.937883074125239e-09 1.4372770431677342 1.4306222832498898
0.9979152990685356 0.06453510129308848 0.0005259144853827464 -0.0004450996221551597 -0.001266632998370213 0.9999990987631808 0.0645357092723206 -0.9979146337948643 -0.0012352678981773881 -0.02478392927238672 0.18575064578054507 -0.052361164279717556 -1.00023989091369e-09 1.4277169571352255 -3.1105962250421726e-10 1.4275908584819934 1.4197699261520578
0.9989273754556163 0.04604167238197303 -0.004925745590781279 0.004147908895291993 0.016974487176171154 0.9998473191627322 0.046118254706248335 -0.9987952899315139 0.016765303262170364 -0.02180720770236267 0.18696129738237152 -0.052578567477957305 2.155307043949506e-10 1.4244170516124344 -1.4492398392462746e-09 1.4253295101728147 1.4169355492910363
0.9995926052234556 0.023291310408434625 0.0164966191094501 -0.016214159248234765 -0.012264484261810461 0.9997933203745983 0.02348881909456524 -0.9996534886075522 -0.011881838758922764 -0.018007490148608158 0.18586936157043069 -0.05072391103620018 1.4574830231595115e-09 1.4300370381890755 -2.9243327759331805e-09 1.426300626437417 1.4198210273010954
0.998378869034636 0.05034978431097351 0.026543042119539256 -0.028251548308873838 0.033530081920039576 0.9990383294071288 0.049411374027369025 -0.998168639472446 0.03489818462977065 -0.02229326332166081 0.18536561101033106 -0.049441181128791215 2.4194353187567685e-09 1.4300200156267255 -4.099452333150566e-09 1.4245996291185046 1.4200630466493047
0.9979310294629542 0.06320096500102937 0.011802476771718987 -0.01831632887115784 0.10350052731148923 0.9944607347416624 0.06162931552185124 -0.9926194028272781 0.10444399742984645 -0.024522110297417018 0.18782246191526622 -0.04514567565251097 3.2032509977852897e-09 1.4268120658478525 -4.916764773099658e-09 1.422894628081079 1.4173061028273626
0.9962376851968676 0.08654359787631168 -0.004547555410387427 -0.0040910382149251245 0.09937940715752752 0.9950412035887471 0.08656637915444601 -0.99127894111579 0.09935956370902133 -0.02832956931409821 0.19137451939052771 -0.048309126999077356 3.605037157683455e-09 1.423568552201159 -5.201644448504794e-09 1.4220916730904083 1.4157174258899978
0.9833897019878733 0.18134669004767046 -0.0076205008336748675 -0.006013786898379503 0.07451513377866266 0.9972017494996132 0.18140707922058272 -0.9805921031941378 0.07436799554885874 -0.043971461512364626 0.18856666965128466 -0.045685473451982955 3.339734711005349e-09 1.4138984080408523 -5.076377540547128e-09 1.411292267684706 1.401668105574644
0.989051354277974 0.14680865306329788 -0.01498792803045131 0.02255228542146472 -0.04999706363753226 0.9984947110775768 0.1458383112325926 -0.9879005582614907 -0.05276053414684761 -0.03842622315647327 0.18394082267915823 -0.051214146710575045 4.003124054463569e-09 1.418064470062732 -5.682299963893911e-09 1.422539479251566 1.4122748552452462
0.9874619910404872 0.15779404064576677 0.004456117933692827 -0.009175171044339625 0.029190590963029273 0.9995317531902307 0.15759007737374833 -0.9870405007576493 0.030272386384703726 -0.041906082681169285 0.20120746156549968 -0.061766606056003315 4.311534240741821e-09 1.4261015049140164 -5.8472959807431835e-09 1.4261577443213884 1.4166968422569903
0.9866296203481723 0.1619972982360852 0.01785686466965629 -0.035660315567275266 0.107667759238424 0.9935471783031841 0.15902934994919607 -0.9808998567564305 0.11200507519728949 -0.04199856238442735 0.19976512057538165 -0.06627796189996336 4.265990227736438e-09 1.4253660284619967 -5.745948605806461e-09 1.4257337437269904 1.4156816196247828
0.987199958324142 0.1581414611223966 0.0206765702882786 -0.044026540236756444 0.14561054616177802 0.9883618935396336 0.15329026726962755 -0.9766211379652512 0.15070914650366746 -0.04233443501449778 0.20509674683433554 -0.0638345043344846 3.771115864026342e-09 1.4375081301667967 -5.090991628264874e-09 1.437164108991177 1.4288865277686158
0.9878747417442281 0.1552525218361771 -0.0003861182228051263 0.002197434069091883 -0.01149545150442094 0.9999315105937113 0.15523745007982637 -0.987807931259016 -0.011697223366958377 -0.04282387535398294 0.20930193095427846 -0.05119720252709216 3.817116400739451e-09 1.4376850275101587 -5.007533054879332e-09 1.4374343555948705 1.4295072454392521
0.9767051935849406 0.21448205488675262 -0.006664304596857906 0.02008833402538221 -0.060469479424289235 0.9979678857028617 0.21364321580684076 -0.9748542917737559 -0.06336944176809646 -0.05448562750647143 0.21444561122729008 -0.046248275649278886 3.7625520477035934e-09 1.4474055706772626 -4.890864602202782e-09 1.4491838982302356 1.439642994809767
0.9842921701517013 0.17654511457632627 0.0008638849959359126 -0.001069265355808836 0.0010682000959078735 0.9999988578094247 0.17654399012612473 -0.9842919696247588 0.001240194565311183 -0.043611067454197794 0.17445470387989437 -0.05321651060339348 -9.68358726538554e-10 1.4146707426742653 1.4416912108572433e-10 1.414023469632645 1.4049215976427094
0.978388212309319 0.2062976680726837 -0.014063362398368683 0.01760324243719499 -0.01533354817499569 0.9997274669408971 0.20602580389328023 -0.9783691299546088 -0.018633670652604288 -0.048540059428824306 0.1730094693035935 -0.05204555058961992 -4.921432150695182e-10 1.402595068483227 -4.959117561043058e-10 1.4073815430483023 1.3955615978722449
0.9803785869416701 0.19705140976796212 -0.00534492045895856 0.015514828379418808 -0.050102874668862256 0.9986235487160683 0.19651238222211617 -0.9791120691005576 -0.05217700427404723 -0.04701499822061801 0.17434958818040205 -0.052551331384527986 -1.979048036560016e-10 1.4032364430497912 -1.0725793586630061e-09 1.4076244627671661 1.3968965629595793
0.9794900384417289 0.20017017194974945 0.023047057404979608 -0.022413804929608396 -0.0054295254962468485 0.9997340354321558 0.2002420683622653 -0.9797461010458236 -0.0008315909502313185 -0.04782809080095366 0.1747502440064155 -0.051817654439326594 1.0139862283153889e-09 1.4080883654402152 -2.0596404581851857e-09 1.4019781834875769 1.3966882611449636
0.9799778109568675 0.19860749316175275 0.014090908139314046 -0.0025325276295679044 -0.05833137950869963 0.9982940631238962 0.19909062342559408 -0.978341716285581 -0.05666047863715838 -0.04752973105297516 0.17422937554706402 -0.04852307895546373 1.3130465603694574e-09 1.4045741971714465 -2.098825113705516e-09 1.403556463826411 1.3962931427986147
0.9800577052869505 0.19634180679494756 0.03060701246727772 -0.015738240342931597 -0.07684720030070456 0.9969186604717817 0.19808887424230753 -0.9775195152581042 -0.07222461623973084 -0.04726276521234333 0.17401728755216384 -0.05190915387617953 1.6729853058450317e-09 1.4086433643472365 -1.996403931059376e-09 1.4034936066898274 1.396716292966703
0.9789377412592656 0.20062956356215045 0.03779784336530426 -0.02326484052343168 -0.07430738188781814 0.9969639713612509 0.20282910524287762 -0.9768450190392737 -0.06807468578359122 -0.04805075760204697 0.17813521227192236 -0.05788735517874985 2.6055060331486857e-09 1.4079619562561598 -3.0682105744972432e-09 1.402274405328491 1.3957787210777388
0.9937277549452572 0.10942182667194963 0.02306540481397746 -0.0016820446051368648 -0.19161162741495227 0.9814693856485488 0.11181377275365129 -0.9753521661877659 -0.19022573993922984 -0.03281470707038968 0.18253732717730786 -0.0691281652204959 2.816437749686429e-09 1.4244642937785335 -3.3193350290616763e-09 1.4239937647476308 1.4158526138393457
0.9965950588806506 0.07786720227158381 0.027110651505801994 -0.01710542344043856 -0.12639524290183288 0.9918324692510878 0.08065787688500167 -0.9889190772667817 -0.12463292307500852 -0.027467815321482437 0.18456720420486772 -0.0565818732750516 3.3608502647552996e-09 1.425053313878359 -3.950010096787082e-09 1.4215880732922104 1.4165644419967611
0.9999514222129389 0.009387921298310654 -0.003003356125640593 0.004550595935665062 -0.1694160960988641 0.9855341082170881 0.00874329977474216 -0.9854999002112163 -0.16945058687632752 -0.015638346097165152 0.19148411438948765 -0.04687765668430664 3.6715199769332685e-09 1.426115389542205 -4.465062097835926e-09 1.4271350737835284 1.4180288128863898
0.992711981269998 -0.11875797271716287 0.02048087300641304 -0.021228756063114668 -0.0050358110591597425 0.9997619619304334 -0.11862656599180468 -0.9929104614833535 -0.0075201940072025086 0.004801638515480655 0.20060705822697375 -0.049412391264429714 4.6377639506545165e-09 1.423683811627992 -5.55606849417245e-09 1.4188255432777108 1.4137381670109637
0.999236756452918 0.03823795021902239 -0.00798521862566736 0.01043318434021466 -0.06425394049231871 0.9978790406636131 0.03764376731910926 -0.9972007271829765 -0.06460384267029037 -0.020957693038747796 0.20973624765443577 -0.04455909855322278 4.8574104738463575e-09 1.435599797986681 -5.618081111435913e-09 1.4356278399145301 1.4288156726939985
0.9814655558200704 0.19113824349131062 0.013839603096054115 -0.03227418900558837 0.09367301644942133 0.9950797670103126 0.1889014014316236 -0.9770831785801671 0.09810567095150866 -0.04986720912516111 0.21334763799410852 -0.03364294231083051 4.275989340385422e-09 1.447505163294438 -5.082081422358442e-09 1.443400477605671 1.4369995187171902
0.9982355331767454 0.05937816219965819 -0.00023271684513143087 0.0002512421822579385 -0.00030452351667285 0.999999922071394 0.059378086704648704 -0.9982355138539295 -0.00031890449408028787 -0.024063747376550704 0.18531777189056275 -0.05262672122525583 -1.0265575056678244e-09 1.427197573141945 -2.7678215275273033e-10 1.4272172226932067 1.420936230460411
0.998545457925941 0.05293629313448402 -0.010233148325556374 0.010580218654187514 -0.006280295202246286 0.9999243055678776 0.052868018959503674 -0.9985781425413599 -0.0068312378047421145 -0.02283887388841392 0.1875310799695481 -0.05295541191734304 -3.142517357446195e-10 1.423763400768018 -1.223816603612704e-09 1.4264258649159238 1.416384298621165
0.9994278394877647 0.018789359577337683 -0.028123897729371426 0.02814438553078348 -0.0008268019302207189 0.9996035263851678 0.0187586571990977 -0.999823122539803 -0.001355143846625917 -0.017392419058927595 0.1870705788501516 -0.051610572237561866 1.6239320999034135e-09 1.4208184825348003 -2.7518618495037117e-09 1.4270232810727235 1.4156002100949028
0.997528580385449 0.030889121414875688 -0.06310779264407579 0.06333477088750898 -0.006424775483370664 0.9979716574415403 0.030421014296327185 -0.9995021683009024 -0.008365252594949572 -0.019242767005405743 0.18705743224112964 -0.05325225288190205 2.502664742110028e-09 1.4094242785398352 -3.163520112536844e-09 1.4250506874389393 1.4090290867495234
0.9987537447408857 -0.04971383266217652 -0.004414998085462474 0.004478753351495432 0.0011711208253830808 0.999989284564804 -0.04970812946062237 -0.9987628163473294 0.0013923173045467955 -0.00609181321233912 0.18843313442867388 -0.056923577169971 3.6654803636793076e-09 1.4248093922372131 -4.356359717405667e-09 1.4261549469889632 1.4163365109497397
0.9997462288571254 0.016487914930734638 -0.0153501318298232 0.01574479103002202 -0.024079314220016194 0.9995860584172404 0.016111469249482806 -0.9995740769387382 -0.02433280236003215 -0.016780103449678264 0.18750831087826195 -0.05901672239748432 5.052726237408933e-09 1.4251703608164972 -5.6922262459124795e-09 1.4288574852792548 1.417913195501475
0.9945913953136509 -0.08416941446972832 -0.06085610927317242 0.04856629774442033 -0.1410439936930192 0.9888113604558374 -0.09181106192309035 -0.9864188266202883 -0.1361933456436394 0.0016968574450009124 0.182523246430635 -0.04858940029040855 4.4846020230693284e-09 1.4164326967725467 -5.974779782036421e-09 1.4167727978842555 1.4075735275537715
0.9914936169778149 -0.12981750786270127 -0.009371346998581272 -0.004720880998420815 -0.1078231393263236 0.9941588826281317 -0.13006967661545515 -0.9856579453736136 -0.10751880741069084 0.007949976253978246 0.181791058659642 -0.049791355582828684 4.244864904023871e-09 1.416439767702073 -5.949527093207507e-09 1.4147343231289229 1.4077026297305677
0.9877507811799138 -0.14195314077632004 -0.0647896604575766 0.04124042116206564 -0.1629586044963224 0.985770622854519 -0.1504912686531855 -0.9763676556729792 -0.15510828158033768 0.011110942100015377 0.18288052112624847 -0.04308336300862908 3.7088012661001812e-09 1.414683512653517 -5.794060342623197e-09 1.422139516464716 1.4107568879727692
0.9863962238817309 -0.15851068154910156 -0.04355287988986958 0.023069171093753317 -0.12884204805931548 0.9913967621476923 -0.16275841869749544 -0.9789147513888633 -0.1234325996500536 0.012578844186606474 0.19183277680687882 -0.034754675752423955 4.612849657803508e-09 1.4134125774283488 -5.996949603570556e-09 1.417811419515541 1.4102073697935218
0.9879004832432338 -0.15171843151570627 -0.03215824538433699 0.004854853585077458 -0.17699894875711622 0.9841990665183256 -0.15501311429828363 -0.9724468569938872 -0.17412077623953312 0.013506031235617715 0.2039438722415616 -0.04309404177813059 4.636971695504144e-09 1.4302375079172736 -6.321076995163821e-09 1.431918223637381 1.4256589219919524
0.9897927829166956 -0.13899955055021945 -0.03145428163001572 0.002133624409285162 -0.2062322629606978 0.9785007416251609 -0.14249805097931512 -0.9685800837622807 -0.2038306326491432 0.011374597731623942 0.20555749556425196 -0.049817796679128015 4.4983474722926076e-09 1.4335067213942851 -6.3216685219913415e-09 1.4338195407877254 1.4280819686759498
0.9994008059503942 0.03459898895220479 -0.0009690351838512797 0.0010875523164599543 -0.0034067953379221224 0.9999936054672971 0.03459546640329183 -0.9993954691257163 -0.003442382217009558 -0.019768072889783217 0.18573066919456288 -0.051891015157054896 -1.0475362799411414e-09 1.432306342140648 -2.7494095888869197e-10 1.4323141802744015 1.4239767733837452
0.9879957914232982 0.15447214757512095 0.0016345499015001134 -0.0015174502915052824 -0.0008759695058620199 0.9999984650098407 0.1544733422777641 -0.9879967552077055 -0.0006310503798395077 -0.040213769893401335 0.1762093828967451 -0.05262042682697275 -6.643405825457194e-10 1.4195241084211991 -1.687299189256919e-10 1.41916249371104 1.4103277610727698
0.9873492034911983 0.15784403901690902 0.015060202924428008 -0.014405449184016053 -0.005291429354026091 0.9998822349702978 0.15790514050879786 -0.9874498772708518 -0.0029506742749696746 -0.040807879622683424 0.1772089189095712 -0.05272818325013956 7.327667361778367e-10 1.4223775132311367 -1.1735465932360967e-09 1.4187354017697 1.4119668808232362
0.9790812757517026 0.20346408895815374 -0.0014899586730330516 0.0013219515589880356 0.0009616373305366164 0.9999986638479674 0.20346524989907874 -0.9790819372034565 0.0006725514347959403 -0.048120850176335696 0.17410460036946857 -0.05452793548994404 1.3541958665541642e-09 1.405816432706767 -1.4524683678018846e-09 1.406786117634307 1.3970052816670986
0.9823304265809364 0.18712422748713708 -0.003384745287005695 -0.0045013463670917735 0.04170264889357324 0.9991199262131363 0.18710069720393668 -0.9814506674115627 0.041808091838772876 -0.04611738213667614 0.17750262971154032 -0.05244444364295929 1.044942798955617e-09 1.4089341542504554 -8.084954927767285e-10 1.4087770329556202 1.4015129225965897
0.9819267343485881 0.18844589816201546 0.017550835804282672 -0.029366282256555847 0.06009152564825268 0.997760808015475 0.1869692751174531 -0.9802434146737109 0.06453943097732907 -0.0454302651525123 0.17420517481943062 -0.05464870258988605 1.4035457240879623e-09 1.4109757740330542 -1.1073382211179705e-09 1.4038659520744785 1.3995750359659587
0.9972333891133957 0.0742945196842569 0.00242734058104728 -0.00046072552517454485 -0.026476226432318187 0.999649337100713 0.07433273417143542 -0.9968848146996673 -0.026368747634435214 -0.026427840270096023 0.18608811849289497 -0.05630620511225411 1.6762822241389586e-09 1.4264912611642222 -1.4861987196468363e-09 1.4263920482860675 1.4186516533288414
0.9985029425063887 0.0023568788142495052 -0.05464722251257141 0.05463376849359426 -0.09138581458354923 0.9943157366918668 -0.002650499249555875 -0.9958127725708061 -0.09137776993652232 -0.013780515796034534 0.19419707012750714 -0.052133646640335846 2.3280577465811803e-09 1.4128619168186898 -1.6926327006672182e-09 1.4256426570836744 1.4113980116288065
0.9977441134880566 0.049185227783828986 -0.04568913840055316 0.04406691004307397 0.03357650749725604 0.998464183425496 0.050643769993827165 -0.9982251406932906 0.03133332169867671 -0.022485546212163577 0.19136265642442624 -0.048484508536045384 3.0851063925751987e-09 1.4181151545654611 -2.2387336429119387e-09 1.4292579412430362 1.4143181635213198
0.999748827403156 0.02234827918826147 -0.0016841981290612318 9.489723348876655e-05 0.07092640749746164 0.9974815465531274 0.022411450210316375 -0.9972311663485188 0.0709064719376375 -0.0179358135223873 0.19666860078693577 -0.05013969848214689 3.1901636887710083e-09 1.425267751894408 -2.2912596264745844e-09 1.4250119396492629 1.4179242122710694
0.997950278665863 -0.06399354780881301 0.00025913233583993445 0.0020345541512191423 0.03577469735780854 0.9993578096049297 -0.06396172214795404 -0.9973088773633765 0.0358315675357576 -0.0037014995757073087 0.19390322602628499 -0.04314751738570924 3.99965749409148e-09 1.4275025733767972 -3.0356446245605184e-09 1.427911863712107 1.4179674310572663
0.9992068205588587 -0.039443030324523336 0.005475135384229918 0.0011807850518986973 0.1667796873522254 0.9859934795085388 -0.039803712079630474 -0.9852049447934743 0.16669397487362642 -0.008152425668694108 0.20102256872219537 -0.03747642876614074 3.2536506822111733e-09 1.4287735074106198 -2.9238176324497545e-09 1.424814418658059 1.417797091957719
0.9931804418650396 -0.11544019410717007 -0.01631476267873505 0.010286179846140386 -0.05262688189944449 0.9985612679278696 -0.11613270168620625 -0.9919193378929763 -0.051080551220809824 0.00496410939339572 0.1891910997963129 -0.028177150147600638 4.380198426190418e-09 1.4226268287742005 -4.025491939785297e-09 1.4243967733791294 1.416426014218234
0.9840070536066832 -0.17812903576140546 0.00040628931319637573 -0.019770747805177513 -0.10694874100825451 0.9940679475407972 -0.17702891284623015 -0.9781779047880098 -0.10876005976929498 0.014714509416756498 0.19389583356303902 -0.02070161237479784 4.3904302415853635e-09 1.4105342689833247 -4.245284124237969e-09 1.4069691785973664 1.4034972958666572
0.9900869162659965 -0.1310304854876032 -0.05058567101237896 -0.003827608966868845 -0.38518983479854435 0.9228294211702761 -0.14040387333861692 -0.913487713678051 -0.38187294917388487 0.012494866241452546 0.20551161294944192 -0.026077938556754013 4.302101785924606e-09 1.4484955735786444 -4.3534758020769004e-09 1.4477472084354002 1.4408576624374643
0.9907731797883015 0.1355116666650433 -0.002257079936601592 0.00234723992075314 -0.0005055574274657236 0.9999971174340664 0.13551013496020303 -0.9907756217274172 -0.0008189711336997909 -0.03759283535468186 0.177433310266352 -0.05240661067527609 -1.2083782863214765e-09 1.423657491904291 4.525064767335607e-10 1.4237120239735326 1.4154485139789053
0.9907221525391713 0.13590002514097127 -0.000894223033917254 -0.0015954965652890357 0.018210205663070474 0.9998329074402478 0.1358936012432564 -0.990555183508921 0.0182580821760333 -0.03773508392951557 0.17799096766583725 -0.053264464308329734 -1.1774154984323104e-09 1.4229818551495184 4.275912957041328e-10 1.4232274292058795 1.4161795166229085
0.9892426136902613 0.1458318492878083 -0.011494476610888097 0.0030883513251436963 0.05773853395641864 0.9983269623638619 0.14625154134351123 -0.9876230725483591 0.05666703825669531 -0.03957477009568983 0.17930583558504865 -0.056916419048020264 -3.3150815426097324e-10 1.4227734608862281 -6.245040040653294e-10 1.4237797123766223 1.416187107732064
0.979414492033293 0.20051863801488312 -0.023227755031919102 0.02019388517023512 0.01716255846266081 0.9996487651114001 0.20084685657708945 -0.9795395461111676 0.012760008128134142 -0.0478143916035191 0.17919906122945123 -0.05473789943029636 8.420304453693461e-10 1.4023556340645182 -1.6556267468104124e-09 1.4078937085825247 1.3965232452118528
0.9834811021394876 0.1809681109556234 -0.003932499415348165 0.0005468864598342088 0.01875443504076088 0.9998239705475669 0.18101000704297698 -0.9833101311302832 0.01834566343434752 -0.04441845027706427 0.18293817618471608 -0.06262449658631612 1.134641713917972e-09 1.4072677962050095 -2.0857964244669347e-09 1.407532813058146 1.400586961990859
0.9887981560818455 0.14541849649870803 -0.033640264642202794 0.03509537547620285 -0.007451844479516248 0.9993561850681857 0.1450741918789367 -0.9893421707831465 -0.01247188681656139 -0.03809352219146089 0.18663079944671318 -0.055716127258155806 1.7504389049349811e-09 1.4115630268068688 -2.6260700281000027e-09 1.4196672088970042 1.4068870225710377
0.9967233767780618 0.06233032522341299 -0.051550370917012714 0.05500389576102048 -0.055022147132781384 0.9969689738281776 0.059304988283017286 -0.9965377533653416 -0.05827027099910431 -0.02404190363486542 0.18594237411486852 -0.05040333410867345 2.641514562640168e-09 1.4133888686436844 -3.019180461194537e-09 1.4253901334239556 1.4123692185740202
0.9946536172732557 0.07991409634268846 -0.06540580135553031 0.07809553524878379 -0.16769300563298178 0.9827411374497267 0.0675667745229381 -0.9825949282728403 -0.17303738877207495 -0.02509178398945573 0.18476787683561424 -0.04885688031359478 2.85212475858998e-09 1.4075500775060767 -3.061938258497321e-09 1.4218155955970628 1.407802979548328
0.9932073927983065 0.11094497921427425 -0.0350754398109929 0.03711757337372312 -0.01639457836477898 0.999176412625462 0.11027855928346457 -0.9936913149401003 -0.020401224840141667 -0.032294550331697126 0.1910987996691717 -0.05362448718039939 3.6182044027555094e-09 1.4162566428389454 -3.554025518326398e-09 1.425299299013398 1.412067383554537
0.999647686038709 0.013273770154345395 -0.022985013015970814 0.023715020936543058 -0.05774396581577888 0.998049714289747 0.011920636704222784 -0.9982431775062406 -0.058038409547558845 -0.016150485173571302 0.19101166502747122 -0.052319195110252126 5.145799342187729e-09 1.4231349500124972 -4.764085126396367e-09 1.4283383126983749 1.416905906185705
0.99791106195886 0.05980105322285418 0.024440672117959014 -0.021097893536284135 -0.055905021042438996 0.9982131573519637 0.06106055443960395 -0.9966435986127046 -0.05452656266303928 -0.024181305596853424 0.18883663236130593 -0.05761963583260375 6.537095309511187e-09 1.429044799538472 -6.2706480008500876e-09 1.423965208214236 1.4176995029155472
0.985405042955314 0.16969924424559832 -0.013381622499119894 0.03470976834188197 -0.12334687132297179 0.9917564122890697 0.16664973237268962 -0.9777462430699018 -0.12743685048997372 -0.04237009698556397 0.19345270925523878 -0.04771978809582661 7.158996950806795e-09 1.4182688428783967 -7.207423990962525e-09 1.413826382390413 1.407191942722366
0.9861529787276644 0.16453897419179364 0.020717830930552013 -0.011457975575946407 -0.05702864388485538 0.9983067908074928 0.16544188509037155 -0.9847205998396532 -0.05435368349226848 -0.04189924839907803 0.18271813071841292 -0.03375763111794257 7.962279724438304e-09 1.415821877718665 -8.13167932989245e-09 1.4132474014958474 1.40572112545148
0.9941599635362688 0.10258693985271321 -0.03349457677327171 0.015201217158077485 0.17415795714768895 0.9846003904930452 0.1068404881048274 -0.97935944664551 0.17158142197721382 -0.03192073097512055 0.1828227342076027 -0.04648732046978388 8.882833135714918e-09 1.4252967028576418 -8.96492924340464e-09 1.4283365695584118 1.418492271629562
0.9875261885741871 0.1565504409359237 0.016851893748384625 -0.02804898399992234 0.06959237013581356 0.9971811051737051 0.1549363784806883 -0.9852151346085014 0.07311536884705656 -0.043247436422476256 0.2131875449858127 -0.047564651771395 9.000972411854491e-09 1.4428584413924304 -9.095950659343544e-09 1.4409129630748625 1.4334639423837068
0.9813569270473914 0.1918914285870976 0.010782456626557801 -0.03281208985049949 0.11199873473973475 0.9931664765669153 0.18937251251367898 -0.9750045964258328 0.11620709295372256 -0.04995505814334154 0.2133759967014041 -0.03417060217444376 8.618338931398739e-09 1.4469472616206982 -8.738269663410847e-09 1.4432645036455627 1.436363619344653
0.9930695332211809 0.11752706116849207 -0.0005404451534951406 0.0006866771071386059 -0.0012037523812220303 0.9999990397269166 0.11752629774827819 -0.9930689507145525 -0.0012761129577077285 -0.035138454686011907 0.17967047727673377 -0.05228015753561423 -3.631477341059508e-10 1.4165158716884365 -1.7339907287805545e-10 1.4166279905823247 1.4123526868656313
0.9899827451353577 0.1411883746353192 8.486517686482134e-05 0.001877048685731384 -0.013762484380550733 0.9999035307027907 0.14117592224771505 -0.9898870828996166 -0.013889639519989871 -0.03782541284592518 0.18389189613018092 -0.052431433342795 -3.523288327755836e-10 1.4232075859359847 -1.9044676946577965e-10 1.4234599677427955 1.4144568051206505
0.9834116536013635 0.17566986353939185 -0.04518427386916465 0.04217768094890532 0.020813166716331065 0.9988933152849762 0.17641588021151777 -0.9842290948429078 0.013058563240485783 -0.043404176544675925 0.1843352175811067 -0.05195651561902388 -2.5154012206485277e-10 1.40208016563425 -3.2809932548616416e-10 1.4114826625385835 1.3974122485015847
0.9920307733699872 0.1225268420595566 -0.029361840232813675 0.030824683159999883 -0.010060106930951617 0.9994741783340995 0.12216703153891571 -0.9924142115182805 -0.013756786743977883 -0.03435115755239339 0.18526068234395582 -0.05518805364014687 6.417506526190664e-10 1.417497661148377 -8.638023629714553e-10 1.4233732960482968 1.4126887789522122
0.9928592468944161 0.11913300025529376 -0.006151756369140985 0.016104679252054686 -0.0827632064907181 0.9964391054939399 0.1181996411265344 -0.9894228519200206 -0.08409081362438786 -0.03352500360859054 0.1884624169429057 -0.05820290546473385 1.8245822630547082e-09 1.4192930795405134 -1.9152190944282665e-09 1.422992799310605 1.4128917542438755
0.9816205463182863 0.19077777488360423 -0.004994362446782244 0.004883475670626947 0.001051380732277765 0.999987523054128 0.19078064553607998 -0.9816326885393623 0.0001003983066665934 -0.0453539920381223 0.1892389715668107 -0.06254801343667658 2.3246125024911635e-09 1.40854290611475 -2.500557982898499e-09 1.409979259253027 1.4002856764033602
0.9862951093787456 0.16490832426539534 0.005215534828490904 -0.015489007236992251 0.06107369162712163 0.9980130734844345 0.1642621315774892 -0.984416196930452 0.0627909495915227 -0.041396760238675154 0.19453197262633407 -0.06233263938443491 1.901758750477711e-09 1.4148786561721245 -2.2439712310529103e-09 1.4169732602039709 1.4061964507484204
0.9915268042588901 0.12832925786933164 0.020154354637624515 -0.033126979203145314 0.09977158305636052 0.9944587645866982 0.12560732337338829 -0.9867001737048263 0.10317735956031601 -0.035420568317913584 0.19933083914708202 -0.061541210511883965 2.2615527228708743e-09 1.4246860397416272 -2.724692471645085e-09 1.4285222844435017 1.41761358204411
0.9869619112552226 0.1588340270445918 0.026037234573510357 -0.05114856597473938 0.15612681641258544 0.9864118011234448 0.15261064815459585 -0.9748826437318847 0.1622153538360825 -0.041873676118548246 0.2027014402892617 -0.08041154071134324 2.5208075626892423e-09 1.4324828794970257 -2.8514062222484426e-09 1.431971000885171 1.4239839365648361
0.9802811046959568 0.17101878095960824 0.09900268852492913 -0.14931986973456957 0.31291174018790147 0.9379711186145502 0.1294315737311641 -0.9342584328822882 0.3322779684387838 -0.04116560160868435 0.21129281529521815 -0.07102972667131119 3.2711717778965976e-09 1.4542332593202687 -3.050327990195001e-09 1.4677282626578654 1.453010706941587
0.9584487098871289 0.2153478922702697 0.18708649285945417 -0.25828998453754526 0.37673312144791293 0.8895832951959624 0.12108820918360681 -0.9009425289655631 0.4167015779881841 -0.040436888225403235 0.20129901741374753 -0.06063241076679041 4.776082640489676e-09 1.4516374997740877 -3.0999105504747604e-09 1.465884224587712 1.4503727830549566
0.9260753593588018 0.3191952573768014 0.20124317741633732 -0.26824147827420824 0.18179161724247128 0.9460435070511474 0.2653882780413132 -0.9300893481642097 0.25397414496310894 -0.06832508065009012 0.20491941679198752 -0.052396840352097074 6.962281418054772e-09 1.4494490426905084 -3.065332876417415e-09 1.4658198739812072 1.4493764757551606
0.9990724908294709 0.04305806311643438 0.00040158244226497995 -0.00039901918601033216 -6.81246924612398e-05 0.9999999180713544 0.04305808694642596 -0.9990725692159139 -5.088051288834137e-05 -0.02127933781878378 0.18509537707071477 -0.052538143780484714 -1.2288010609040612e-09 1.4317316373495492 -1.6474110964281863e-10 1.43165540018009 1.4239964084105559
0.9996665397517496 0.025660969151912266 -0.0028851278911484982 0.003330776966115043 -0.01734105310151744 0.999844084746283 0.02560693705943125 -0.9995202862070959 -0.017420741514624666 -0.018442576458394207 0.1852520153011159 -0.05237002530562497 -9.231131414821903e-10 1.428978133594871 -5.481446407884505e-10 1.429581238010626 1.4220372096033618
0.9992847628517609 -0.003636352084703839 -0.03763960249280372 0.03766614572760984 0.007529702845026063 0.9992620102060782 -0.003350253472002524 -0.9999650396481777 0.007661284689375452 -0.013663833897595073 0.18587837709070215 -0.05435986528488643 3.6350211729541115e-10 1.4197884798518068 -1.422987949695198e-09 1.428758273124072 1.4153546844562692
0.9973921814793837 0.030977843927241892 -0.06518596098406143 0.06642504015061584 -0.0408115026817379 0.9969564360040251 0.02822322385527932 -0.9986865346215889 -0.04276277821583685 -0.01888356683556403 0.18587933178759097 -0.055983094094259306 1.414176331593353e-09 1.4143298494808079 -1.886043321519537e-09 1.4282594797061572 1.4136157038816632
0.9909681044554727 0.12852534788147535 -0.038255076837892005 0.03446934088738211 0.03155228299128865 0.9989075622783258 0.12959197695350097 -0.9912041608013876 0.026837122038324016 -0.03548875581542997 0.18625899846501773 -0.060439164662703104 2.308614632795525e-09 1.4152408495057687 -2.4812969456888823e-09 1.4235667095410829 1.410119669877532
0.9916448585294539 0.1257976625611761 -0.028555606213908846 0.012768308096310022 0.12455912942979482 0.9921300285668453 0.12836450000080657 -0.9842052485990085 0.12191219696858409 -0.0356629920840173 0.18327375094490753 -0.06128160999689333 3.282742078170031e-09 1.4200430226335188 -3.4983447250169775e-09 1.422536838353814 1.413038093873256
0.9873859886514451 0.15637240365676688 -0.024831044871562763 0.0003284551711888739 0.1548060258474548 0.987944829673458 0.1583313030705202 -0.9754910382653048 0.15280193955597798 -0.04039108854406079 0.1835359196211004 -0.07021588202567595 3.382201185786471e-09 1.4181788641301125 -3.518214164444089e-09 1.4167519098141916 1.407555414781804
0.9978909982073099 0.06389515925898584 -0.011443964351907254 0.0022466715495256806 0.14219719300331288 0.989835799902654 0.06487301568269693 -0.9877739452553137 0.14175374743189378 -0.024867291352651387 0.18519120706245265 -0.06509737303571839 3.6022820282255452e-09 1.4267989776610408 -3.632667500141906e-09 1.427265542672849 1.4186110207457645
0.985973057294093 -0.1544442774516222 0.06327792231565094 -0.0038207772135154805 0.3581411918032167 0.9336596212727934 -0.16686081610619047 -0.9208050021020834 0.35252746864912266 0.01727394008779233 0.20746974532987242 -0.09882176513985007 3.973614326469033e-09 1.4438140385946676 -3.913976698299848e-09 1.4426839281346346 1.435842396859174
0.9814319952445754 -0.1918103264851667 0.0001932974541343968 -0.0001765129898750298 0.00010459267023740109 0.9999999789517687 -0.19181034266539543 -0.9814320087066791 6.879357882224807e-05 0.01770766341625196 0.17852664314124964 -0.0526090731717056 -5.454428020357227e-10 1.4070085409479098 -1.2099370394480502e-09 1.4074410414829588 1.4023208995625414
0.9786666549129677 -0.2052187187990972 0.00984154540300573 -0.01120006134979807 -0.005459273573064229 0.9999223744660457 -0.20514906089773632 -0.9787009113036075 -0.00764127124668238 0.02011371062279651 0.1787520163072474 -0.052254001260232635 -1.382964853746671e-09 1.4072729369480017 -1.3185950109573241e-09 1.404542645436388 1.400219186433481
0.9786175815704447 -0.20534840542020466 0.011817843821673335 -0.005317817219051533 0.03217676729233249 0.9994680467461877 -0.20561942967832336 -0.9781598478970575 0.03039674490412906 0.02021827370488527 0.18025758756485927 -0.05495430512708213 -1.8139738600098099e-09 1.4055108264047762 -1.3839889234645852e-09 1.4044375945645236 1.399199064532083
0.9787232161948661 -0.2048807028631412 0.011169766133747283 -0.004849768970810893 0.0313234586400766 0.9994975341038882 -0.20512763300469083 -0.9782856119422019 0.029663372107099045 0.020235861574929296 0.18149223545961674 -0.057020610564476104 -2.3109976154955802e-09 1.4055819751584124 -1.4456116304017996e-09 1.4052876195747812 1.400095939809873
0.988000279927215 -0.1513858780694738 -0.030622912743225934 0.03700631544163582 0.03952987355258428 0.9985328846434407 -0.14995325765444034 -0.9876840107129662 0.04465775969268864 0.011145139796612214 0.18093000375433377 -0.061632524966193925 -2.540063270828341e-09 1.4094418409243934 -1.3545804478098944e-09 1.4177081938850336 1.4062753150421958
0.9810375136245622 -0.19321237269034047 0.015309340309296204 0.007579246959101019 0.11717141896569826 0.9930827828499988 -0.1936696978798434 -0.9741354308395387 0.11641396181814448 0.0182216325457664 0.1846493356244331 -0.06785440980579686 -2.52576093373591e-09 1.4030694146612914 -3.022986305722952e-10 1.4067769875930853 1.3997076756228655
0.979016180274447 -0.20335053931262237 0.013261859677172028 0.0009626032941169316 0.06969252120998892 0.997568055764765 -0.20378025457764434 -0.9766225016088156 0.06842585180770204 0.020065662432912457 0.17999663580267833 -0.07249141584848237 -2.6335467140370383e-09 1.4065253881608273 -1.7887469283550672e-10 1.4078654453897714 1.4012297402483478
0.9975284140248062 -0.05860205946868179 -0.0387667620415193 0.039052598182988535 0.0037397758921453323 0.9992301579973628 -0.05841196613976236 -0.9982744175337288 0.006019095395625965 -0.004498727394825052 0.18786543808782677 -0.07974828625283366 -1.4952545868140987e-09 1.4216496705162003 -9.06187125337965e-10 1.4309165534300305 1.4166741972805106
0.9889929564127629 -0.13759918701819246 0.05440032994270641 -0.03596927417956575 0.13305155336445987 0.9904562057265831 -0.14352401708751766 -0.9815109514820692 0.12663770623248496 0.0100793085215986 0.18579173250389003 -0.06830453332045128 -1.2442695762615585e-09 1.4227460028086227 1.4977086237877302e-10 1.4180285003053505 1.4122283316243376
0.9875730202819286 -0.15111745804282858 0.043162987453415014 -0.0014828313929032277 0.2656703373376161 0.9640627951902185 -0.15715384444005798 -0.9521464098202498 0.26214477573302664 0.014162920514203745 0.20077399536742158 -0.07987134718223833 0.0 1.45296 -1.5708e-07 1.45296 1.45296
0.9930556687034586 -0.11751835841997603 -0.0054657378459286865 -0.0019440737458222834 -0.06284547163258623 0.9980213761601244 -0.11762933066713072 -0.9910801592855906 -0.06263751621233855 0.007699100445516152 0.21591328678664767 -0.060127108628846015 -4.675690945532551e-10 1.44194750501575 -1.2462573195648474e-09 1.441197710704647 1.434854185840937
0.9988992363574334 -0.04690160275371141 -0.000745160163804452 0.0007622682869143433 0.00034688168972421774 0.9999996493100146 -0.046901327823372294 -0.9988994540654362 0.00038225145935650586 -0.006552363229392538 0.186250709843178 -0.052682868255485044 -8.259029016244313e-10 1.4285333969573468 -4.313207568884536e-10 1.428622908512236 1.4219370088872703
0.999494198219797 -0.02747943967916578 0.016007127158994987 -0.015844899475532293 0.006111245508451611 0.9998557855205648 -0.02757330023003091 -0.9996036880050285 0.005672745470233843 -0.009821903594743638 0.1883189427885001 -0.051553376028407844 3.2433344898663563e-10 1.4275783651975429 -1.5447971790649717e-09 1.4238794439240365 1.4166604907133094
0.9982491644138839 -0.055658554332654195 0.020018268571028397 -0.019307791894548704 0.013273537363689272 0.999725473506608 -0.055908987820739886 -0.9983616271349044 0.012175653797912961 -0.005084162719950921 0.18700577288886025 -0.052386535093247186 1.8040458016344019e-09 1.431201107881349 -3.314226226791561e-09 1.4274527390329093 1.4210012117668986
0.9926121241884964 -0.12129965335892107 0.002750456145141883 -0.00490600717029005 -0.017475393476810475 0.9998352572881573 -0.12123160482170407 -0.9924620923329194 -0.017941384409179206 0.005940688692185165 0.19082931671587422 -0.0536199686153811 1.94260607599972e-09 1.4262936570719846 -3.6225697996883355e-09 1.4242828184354055 1.4170651864445514
0.9980476021371459 -0.062202158257040556 0.005645828234994773 -0.0026725194481772045 0.04778062600765626 0.998854278370031 -0.06240065310629447 -0.9969192059973981 0.047521102737892534 -0.004097262297420461 0.189802657634509 -0.04653755429241008 2.2513928499279245e-09 1.424561950012765 -3.9524170603044695e-09 1.4238576677707044 1.4160784889771119
0.9963240875237128 -0.08499117052592538 0.010715108617002297 0.0007655148553318836 0.13391153911760528 0.9909929937583618 -0.08566053120922933 -0.9873419876738693 0.1334843540238537 -0.0003152212007609713 0.190469443249349 -0.043700635057295406 2.291506540075261e-09 1.4240174224413833 -4.009232945634267e-09 1.4237004738896557 1.4172790397154156
0.9977428479043173 -0.0635021995049042 0.021833005148663584 -0.007492603608627968 0.21782589796166535 0.9759588818533074 -0.06673132957574128 -0.9739195802709961 0.21685843497042098 -0.003375489253728209 0.18993781974461907 -0.04835387089407121 2.2564954349491018e-09 1.4267212100108901 -4.184847135491054e-09 1.426111005836204 1.4180160439889393
0.9993929145010021 -0.014753993828850344 0.03156140223898571 -0.025392144214802834 0.31181038072462597 0.9498049933984019 -0.023854589859552487 -0.9500297922373078 0.31124644962500453 -0.010048482792807397 0.1866306620478518 -0.042899295615355104 2.034780344217779e-09 1.4273702778977926 -4.307114664925393e-09 1.4220309641842466 1.4175360188572972
0.9996770709087496 0.020360503060107518 0.015205387678133314 -0.021673865892234967 0.37077207523004685 0.9284709536473879 0.013266402548859718 -0.9285006828994494 0.37109363295355496 -0.01692905558265407 0.18788873700119896 -0.04814480160246026 8.960467923202486e-10 1.4307044606420876 -3.107440527116978e-09 1.430958134809516 1.422243327903728
0.9999244417369443 0.012252926165419864 0.0009882395685580176 -0.0009894928188559531 9.621981629938188e-05 0.9999995058227321 0.012252825022072542 -0.9999249254529721 0.00010833672854784595 -0.016461943132411387 0.18468565730183156 -0.05264343890989094 -5.865112839842368e-10 1.427636390855227 -4.6291681599086587e-10 1.4274466612022954 1.4213612005287928
0.9997170416174705 0.01611773317237208 -0.017494438459024587 0.017591945603563315 -0.005927883879349175 0.9998276769736844 0.016011250716094952 -0.9998525285611359 -0.006209748820135971 -0.016791472993231013 0.1866375274576079 -0.05246880715873417 7.961240555687255e-10 1.4250221760975528 -1.6370318434155706e-09 1.428981835449071 1.417933121882851
0.9991287351448611 0.04000578263610485 -0.011887302616764584 0.013529169264298965 -0.0410234434047616 0.9990665837021245 0.03948078250044894 -0.9983569574289994 -0.04152894612512088 -0.020683347221168148 0.18895246696912002 -0.05150683663468743 2.2135058230787763e-09 1.4229345103660327 -3.0327509392691354e-09 1.426249728133901 1.4162217179565735
0.9931347001590425 0.1000343345092966 -0.06063496729850635 0.06974994453526592 -0.09028966791025266 0.9934700403665847 0.09390640328186416 -0.9908788562624283 -0.09664719155115396 -0.029335316387067743 0.19033211397761338 -0.051110273599136946 2.791295194981558e-09 1.4085132181767168 -3.4559457517957526e-09 1.425957006994837 1.4078131606020943
0.9976375809476662 -0.040163823704038204 -0.055732614745404134 0.053383485032372904 -0.05736196727816459 0.9969251768491842 -0.04323725947244015 -0.9975452230227206 -0.055082369392239934 -0.007023706148944837 0.1881788167386498 -0.05327504303949297 3.527762970634285e-09 1.41558969248194 -3.736463582981742e-09 1.428854797293508 1.4130686432704156
0.9991237064013551 0.017547615457850198 -0.0379986907479985 0.03913678978330687 -0.06985657850830462 0.9967890298977863 0.014836812065799556 -0.9974026968235331 -0.07048212097310674 -0.016618059068431064 0.18760624051614894 -0.05670120923643171 4.759038496615631e-09 1.4205892146583663 -4.523322161276155e-09 1.4298832688632892 1.4159722869165376
0.9981318434251153 0.05609834182085932 -0.024203288737926612 0.022098097699506367 0.03784813554809691 0.9990391347257604 0.056960488225124006 -0.9977076198368353 0.036537762666487936 -0.023460651417914667 0.18667420531690654 -0.05352306857848743 6.07907058025603e-09 1.4213761068138302 -5.697509131152856e-09 1.4268574240705432 1.4154786238092862
0.9942696815709804 0.10261664688717642 -0.029960375337667405 0.038520097352641586 -0.08247564434123716 0.9958483670672161 0.09971961897582834 -0.9912959153916303 -0.08595583586461898 -0.030495782749589962 0.18874485901310192 -0.05016905556938442 7.1865322581743385e-09 1.4180711404315343 -6.574577327000952e-09 1.4278309415736654 1.413594940467621
0.9878507699906597 0.15520307511895565 0.007928537221978837 0.0017907330363623741 -0.06238316389719726 0.9980506671193442 0.15539513989843112 -0.9859109221100024 -0.06190318376426039 -0.04083448076791923 0.17907363035041945 -0.04026996363908862 7.440606353270596e-09 1.4193099025711557 -6.868438262586096e-09 1.4199699692458756 1.4117485745031635
0.9857461325829887 0.1680405980951645 0.008180433332043574 0.018036879608541827 -0.1538997909367821 0.9879218214634202 0.16726994072955123 -0.9736925653107525 -0.15473705175845331 -0.04230316880977893 0.1929336991294596 -0.03357982763153183 7.2350143653920895e-09 1.4171236049355862 -7.391880885165847e-09 1.410160441860672 1.40542565785241
0.985938056463627 0.16280402323377374 -0.037696138205695603 0.07287012107766172 -0.2158455404043662 0.9737046000413441 0.1503864830057973 -0.9627593430896655 -0.22467388148759762 -0.042106788560530434 0.20925348135056204 -0.04652148199280362 6.853134948414663e-09 1.4409915979934693 -7.356103282063486e-09 1.4471779636506001 1.434596174591439
0.9883866334615066 0.15170363085976057 -0.008824464776692575 0.017944840444839127 -0.05885618201112988 0.9981051710819266 0.1508968041279829 -0.9866721634986153 -0.06089496104705952 -0.04225586010132565 0.21222277972837306 -0.05020726625042625 7.093964526916352e-09 1.4408842353110236 -7.333767371164868e-09 1.4411174375609583 1.4322590984710155
0.9932586479252407 0.11573613866117889 0.00651187603717442 -0.004168397985700298 -0.020478966093034286 0.999781594352483 0.11584421772344085 -0.9930688587180453 -0.019858475885206093 -0.03475091903977592 0.18019487832720812 -0.05205765953706065 8.315410582326876e-10 1.4184169114841252 -2.0561969904520083e-09 1.4171827683349507 1.4126113339639357
0.9907084359819657 0.1358540174424223 0.006362453844347174 -0.003400288950447994 -0.022024955656636026 0.9997516388400554 0.13596040934485634 -0.9904840166671429 -0.02135836645677459 -0.03796519272511974 0.1800312184019852 -0.05093678380965466 2.2637056673602274e-09 1.4207340453881416 -3.658213287849321e-09 1.4197947114300096 1.4139950346106511
0.9879546094924965 0.15458422988173257 0.0070289013651174195 -0.005168673413768581 -0.01243237758999758 0.9999093562931599 0.1546576037499311 -0.9879013877201162 -0.01148362934781172 -0.040766043728446964 0.17985112187308666 -0.049444998690353 3.319224006759214e-09 1.4183337393781512 -4.625611893516179e-09 1.416482266157658 1.410489428081858
0.9929755128795907 0.11820324837597386 0.005255748746030957 -2.310444244740112e-05 -0.04422606128516514 0.9990215488013187 0.11832003333205376 -0.992004056229897 -0.04391266486713186 -0.035097411916770654 0.180674730114256 -0.052436803249548386 3.877357102055612e-09 1.4213174935427704 -4.993471414138639e-09 1.4211944466609312 1.4164224469656608
0.9974613202121709 0.071112700533928 0.0037280696566174046 0.004582136850264422 -0.11633954278677613 0.9931989301273181 0.07106278000808977 -0.9906604335527567 -0.1163700420666164 -0.026147315472683376 0.1842882012450245 -0.04916638740835093 4.205254811040504e-09 1.4245084601120492 -5.407555292435973e-09 1.4253407659610593 1.4186690198814835
0.9944890734008343 0.09707037731397018 0.03960839222277958 -0.03181650401421296 -0.08054386613733254 0.9962431408546636 0.09989591062032346 -0.9920131186006437 -0.07701155475356557 -0.030505961477007605 0.18600505358823094 -0.04574328277978368 4.773328399210186e-09 1.4273437265757396 -6.340713731844971e-09 1.4194307465911482 1.4137123735860486
0.9830826930501675 0.1831371153137696 0.0030357239304084627 -0.005770951055922291 0.014404309446227564 0.999879598748413 0.18307133786898686 -0.9829818476777322 0.015217502650923927 -0.04415587460414716 0.19083252705508968 -0.044449227799971416 4.839697531622278e-09 1.409727664009032 -6.769337979051215e-09 1.4085051793661254 1.3998424456949543
0.9876837884980102 0.15646242450859021 -0.0004936143351013667 0.004612233156561965 -0.02596141036424811 0.9996523057929735 0.15639520850565605 -0.9873426532307783 -0.026363305325386673 -0.041374674832038966 0.19913767977674468 -0.051346955756371965 4.9429420556634796e-09 1.4230173488483322 -6.866486934598015e-09 1.4217952811753953 1.413666001672154
0.9876833379044814 0.15512653613490196 -0.02042992444061891 0.035891003451105595 -0.09753100821580496 0.994585108629564 0.15229399166459315 -0.9830683904099428 -0.10189739878755144 -0.04200046557375334 0.20530387721605037 -0.04334150844581311 5.512107215110973e-09 1.4314391881161113 -7.357569664634411e-09 1.4325355801041004 1.4245605422284493
0.9880049772301284 0.1543748137778641 -0.003818617491051002 0.006816005141441289 -0.018891680878830325 0.9997983028928805 0.15427153672147376 -0.9878317272008539 -0.01971729426094658 -0.0411949137156411 0.20091548530704703 -0.05291770601223193 5.675889092060515e-09 1.4252382262428096 -7.363731846510291e-09 1.4254788017072801 1.4159782088900803
0.9804650013931432 0.19663314212258873 0.004877341708503319 -0.015021693216596271 0.05013186684558438 0.9986296333774014 0.19611917238263613 -0.9791946708114657 0.052106303633777655 -0.05118747483634956 0.2156313364061077 -0.07077221394588465 5.6699027695117366e-09 1.4483846527565296 -7.48436956854448e-09 1.4468266363494022 1.4390763802545825
0.9999943058320437 0.002996357266453087 0.0015524646922674644 -0.0015497229151560865 -0.0009171417454472562 0.9999983786036379 0.0029977762383479266 -0.9999950903350229 -0.0009124929995703013 -0.014538896819344635 0.18489030173616072 -0.0523585253288697 -4.398428288254763e-10 1.4284944146953542 -9.199441208807002e-10 1.428460511693098 1.4220586465016405
0.9998688408246558 -0.015346870394181982 0.005174429153361163 -0.00492499385633004 0.016246670121565193 0.9998558846881266 -0.015428725918690909 -0.9997502284466182 0.01616895597930472 -0.011737601772633414 0.18536348397904978 -0.05340835749766028 -2.1581936238135313e-10 1.4347473546201002 -1.2439915764161924e-09 1.4344217262669465 1.4268728281191905
0.99969229407597 0.022667657302213755 -0.010074446761660194 0.009518980675446305 0.024480663162979435 0.9996549835508256 0.022906465725305813 -0.9994432822544409 0.02425735732608259 -0.017938713063041952 0.18808791376830672 -0.051759677443154045 1.0246914428080345e-09 1.4251781977558409 -2.429460188579924e-09 1.4274980597541784 1.4176705242883925
0.9993288503691496 0.035781197740485715 0.007845680858270865 -0.009237111266104126 0.03888916542011501 0.9992008349618131 0.03544749067749634 -0.9986026931173294 0.03919357987586256 -0.019994404082179194 0.1905080821645547 -0.05175981841815851 2.5622401977898335e-09 1.425509038836915 -4.189047331237816e-09 1.4234138853281362 1.4170440637453394
0.9940287053450032 0.10625083024526033 -0.024853450913900357 0.020298469587826586 0.043738756498989104 0.998836770104262 0.1072142951407547 -0.9933769084552524 0.041320850249675745 -0.031840141828514724 0.19069402221467535 -0.04882995855449179 3.6386680335454002e-09 1.4197839346717647 -5.338589126324678e-09 1.4245891730077274 1.4127983763813363
0.9873508281552047 0.1541691454994227 -0.03701643847278112 0.021439356933284356 0.10150241251610893 0.9946042500551144 0.15709454514883253 -0.9828169386154207 0.09691320371906981 -0.04000965609320732 0.18498264786550242 -0.047607641450617036 4.3339065669556476e-09 1.4145300034643595 -6.118554551903799e-09 1.4198315787436346 1.405167208884472
0.9789029700233034 0.20145583264261482 -0.03412510474454813 0.013928999853965285 0.10082967521055013 0.9948061919590183 0.2038503329470517 -0.9742940644852589 0.09589639026663313 -0.04828566017149567 0.17816572657485755 -0.04864971011264933 5.037758654680147e-09 1.4025023127360665 -6.902864946312093e-09 1.4068122819335134 1.3963406944917
0.9847323661930829 0.17086956102262418 0.033252971110985546 -0.06239122039131273 0.16810861309654698 0.9837920663538806 0.1625100076606206 -0.9708465827918907 0.17620275279192954 -0.04251571215280679 0.1977082817662996 -0.04736107730258385 5.399788172155695e-09 1.4222391538803603 -7.52583328988976e-09 1.4232921378451824 1.4142212883219152
0.9831020201437829 0.18285392854292815 0.00865209833685282 -0.015938668620552335 0.03841714525340354 0.9991346664955546 0.18236330999358694 -0.9823892119557283 0.04068242127979005 -0.047921267633557335 0.21066170320997846 -0.05142866277677473 5.40075095756265e-09 1.4422346845154168 -7.466998575011985e-09 1.4414649067223806 1.4312321332166356
0.9854406647293459 0.17001920018905417 0.00040971314236510123 -0.0004219139633717639 3.56316867666762e-05 0.9999999103594912 0.1700191703496762 -0.985440749257639 0.00010684638769384242 -0.04255164796603689 0.17486332582407393 -0.05257613460941081 -2.7633628718604086e-10 1.4185687030047873 -6.373364058731568e-10 1.418299616269942 1.408334586695167
0.9850584219103324 0.17221530204518049 0.0013398376815441744 4.574483551942916e-05 -0.008041420701597243 0.999967666207518 0.1722205078698111 -0.9850265099450813 -0.007929147146898444 -0.04293441845013518 0.17568524095645044 -0.053722740805180524 -1.439666164060327e-10 1.4162723278856797 -5.502878153151869e-10 1.4162136596042263 1.4063874156673375
0.9814484792475094 0.19015551689287027 0.024490038341253902 -0.021152773500175963 -0.019560383781285644 0.9995848896214765 0.19055561591304782 -0.9815591020318308 -0.015175192336996678 -0.04602912377997338 0.17409102008626504 -0.05239204887361425 9.032650183371516e-10 1.408709123168288 -1.2853966779857728e-09 1.4028348676009683 1.3980964913933445
0.9843877048032987 0.1760065249223788 0.0015968145921966687 -0.004304649436322666 0.0150041251844431 0.9998781656885403 0.17596112248256476 -0.9842746463321086 0.015527522741191555 -0.043513658543868905 0.17456689482344645 -0.050880158438040585 9.07549591033785e-10 1.4158652623268555 -8.816529728505884e-10 1.413735211059997 1.4055074332859654
0.9800250828781004 0.19861924760826977 0.010061382076889896 -0.005020568571541899 -0.02586660485680331 0.9996527960469076 0.19881054001483622 -0.979735328153837 -0.024352740016318365 -0.047367270311485035 0.17690240968956664 -0.04806822919633992 8.818634711360573e-10 1.4075513592566695 -4.079145909940962e-10 1.4054659597756878 1.3974359782787804
0.9926513060574731 0.11023325802237215 -0.0499200701939221 0.05358898750247697 -0.030573436976937037 0.998094928035343 0.10849702761298276 -0.9934353999013678 -0.03625605083234061 -0.032109005173258404 0.1849783468570133 -0.045040266284037844 1.4762706612714283e-09 1.41659822820196 -7.662057655011267e-10 1.4262547302280826 1.4140741070642004
0.9978507515083751 0.018089980884173736 -0.06298119009498998 0.06455570253443688 -0.10645597624985917 0.992219575694299 0.011244509080272766 -0.9941528442409143 -0.10739498732829209 -0.01602517929019276 0.18942382373252906 -0.04761831283348983 2.181350211571953e-09 1.4136120121515825 -1.0120526638957017e-09 1.4292375440323282 1.412240718613166
0.9932512583946941 -0.11211291450104054 -0.02970912485144732 -0.0018953855057522624 -0.2718077710481968 0.9623496989720501 -0.11596700052662004 -0.9557987392751119 -0.27018590782823126 0.005961447096145982 0.2004608526972826 -0.04144128615607441 2.441662871888184e-09 1.4297418149564578 -1.1771508212632398e-09 1.4284303159753113 1.422928212731743
0.9882856690042371 -0.1511393883192428 -0.021173609501747487 0.0023384795394236213 -0.12372537739867076 0.9923137419692423 -0.15259740480850606 -0.9807389643967662 -0.1219225810080615 0.012856510275708763 0.20552134707441935 -0.04404497658510492 2.8013333874810087e-09 1.4277843058233168 -1.673067018259644e-09 1.4285845726642465 1.4232243229434465
0.9896429643253029 -0.13923442539687733 -0.034936770684034155 -0.0010498848084328702 -0.25038963062630887 0.9681445814632802 -0.14354685960799143 -0.9580807939100032 -0.247942516397373 0.011202588148844502 0.20211696787300473 -0.03193682584234926 2.861670900244917e-09 1.429648176728688 -1.7171268851257082e-09 1.4291992170363965 1.424079838039277
0.9999117207946054 0.013252651482257535 0.0009580429325857908 -0.000950119879549928 -0.0006041297938445229 0.9999993661495025 0.013253221864337153 -0.9999119972556996 -0.0005914848541163274 -0.016316298104352294 0.18511859688121476 -0.0524124289962592 -8.519700500642102e-10 1.4282043902640096 -2.851718861052177e-10 1.4283497435527925 1.4217561414083129
0.9994480784529375 0.033140742516650265 -0.002286845463957716 0.0024713660377174004 -0.0055278935821669395 0.99998166720318 0.03312749351578763 -0.9994354074065963 -0.005606745524109459 -0.019573895928285016 0.1867564492632768 -0.05381119355422746 -3.531077652496606e-10 1.4270200581743246 -8.890106428793842e-10 1.4275985822667376 1.418409445384948
0.9995089422398287 0.024643934069232865 -0.019353317447147116 0.01898493280109133 0.015095548310987137 0.9997058050985445 0.02492883288797917 -0.9995823132362747 0.014620272092586078 -0.018279563731863676 0.18683491589059312 -0.05502262340116401 1.1369651886639076e-09 1.4220675487270755 -2.325804437930401e-09 1.426656622561877 1.4163446721052413
0.9980290205814579 0.06275361243294598 -0.00024125470271092763 -0.0024999672300077824 0.0436001095404963 0.9990459351861183 0.06270426015084508 -0.9970762330808374 0.04367105659659276 -0.024621007935452147 0.1849475649080923 -0.05375215915169183 1.7811085939456461e-09 1.426534961590665 -3.024133832241205e-09 1.426063012179429 1.4200708315271289
0.9984225568544799 0.05612903577085392 0.0013889951753069674 -0.0059986852501152516 0.08204194094769665 0.9966108245954408 0.05582484876318855 -0.9950470598263024 0.08224922486928535 -0.02346828144692195 0.18874608897855832 -0.05190595000504697 2.5736346387361664e-09 1.4256842814266424 -3.7606682212754095e-09 1.4244136636658915 1.4174243003354468
0.9990528606534789 0.015070145088552119 0.04081999935216306 -0.04231184491452003 0.11755908239051059 0.9921640841753095 0.010153295033150832 -0.9929515360149815 0.1180853831998638 -0.015791782862212056 0.18535316662033616 -0.04846546609961426 2.987975200596793e-09 1.4298355586252924 -4.446692791759688e-09 1.4219211459005336 1.4181698328488146
0.9963500898162403 -0.07226786761700303 0.04542965807994746 -0.029630366592758868 0.20631155558157238 0.9780376186063041 -0.0800533565739022 -0.9758139665651455 0.20341721352345915 -0.00020467813033211383 0.18174864488048442 -0.049173272208319616 3.3572185031971458e-09 1.414229791699829 -3.6547413984067134e-09 1.4194181322909234 1.4072715503174047
0.9964720024552258 -0.08096102782062163 0.02211018537011928 -0.0019473401727506667 0.2410736747247977 0.9705048640892708 -0.08390325493760119 -0.9671239813637708 0.2400655087303566 -0.0004841648178685893 0.19053690539200072 -0.04706539316289063 3.36727623562183e-09 1.4293300104072664 -3.4558427230990674e-09 1.4292027316425253 1.4214818570946823
0.997358177603324 -0.06813534711293623 0.025184122807363846 -0.005144776864564063 0.2795671161759299 0.9601123678112308 -0.07245824203491649 -0.957705488146995 0.2784780083495565 -0.0023534797133195912 0.18947033082951223 -0.05571187107091821 3.2941498417926596e-09 1.4300512243564585 -3.342349508272946e-09 1.4294481268982615 1.4218574413980294
0.9992051903840304 -0.018060549497365026 0.03553595448931531 -0.030686480391583455 0.22048879769279875 0.9749066775918407 -0.025442630186174275 -0.9752222857604503 0.21975933637816683 -0.010179381294070314 0.18878781745076884 -0.0431001806432236 4.222114213803252e-09 1.4306631324154697 -4.498861727597614e-09 1.4237830987196407 1.4181626917274226
0.999489762396573 0.020930387978372843 -0.02412744751350389 0.018787133737728362 0.22566138499623495 0.9740246315815126 0.025831346661813984 -0.973980933171002 0.22515302207383617 -0.018384665309738875 0.18768451356748142 -0.054711171968846645 5.697562421858038e-09 1.424280787072047 -5.8672613434396226e-09 1.4290658975634463 1.4180967713717987
0.9888076084256106 0.14918918979111118 0.0014488509572770786 -0.018472922469111426 0.11278839469282438 0.9934472956116323 0.14804818355884952 -0.9823550089820317 0.11428198315061623 -0.04139936777277013 0.20931305920129323 -0.06198949423869646 6.0386122768818495e-09 1.439168159057136 -5.830427696196239e-09 1.4415776870406072 1.4310996117212351
0.9875862341418513 0.15661566969853802 -0.012040022358570171 0.023093520293080108 -0.06895027235305554 0.997352770720026 0.15537090929124897 -0.9852499134469984 -0.07171114696260664 -0.041292306421162134 0.19965549245021008 -0.05522021180373052 6.312202316394178e-09 1.4256058721825742 -6.152180098695226e-09 1.4247621609171857 1.416260890633957
0.9976271409429356 0.056476386100131476 0.03937645828528928 -0.031451851702269024 -0.13491585857449667 0.990357759665468 0.061244335889310844 -0.9892462428122614 -0.13281943533723511 -0.02450379891250308 0.20019164550652624 -0.04817347522188367 6.4751093376003155e-09 1.4335222141866844 -7.263547985303376e-09 1.4225528825050624 1.420618957891267
0.9999225854716904 0.012395401621899556 -0.0010849342107247528 -0.0003438307639267446 0.11468605120956561 0.9934017271166597 0.012438040199949846 -0.9933244503567747 0.11468143476341636 -0.016288149040742626 0.1906491174364365 -0.0461131818248684 6.6079799410090345e-09 1.4313872401921692 -7.815007307954147e-09 1.4311914224065312 1.421754327819893
0.9859878749240119 0.16449509777721436 -0.02773577671700722 0.004200836090820781 0.14172811801309748 0.9898967085209465 0.16676409529322872 -0.9761426654806817 0.13905118895320795 -0.041609710803267974 0.1867527679104634 -0.04937367521085034 6.363052307278849e-09 1.4131787233267303 -8.06918354356867e-09 1.412268694875503 1.4035665351019286
