0.9999666858028066 0.007873953243162804 0.002151312361205239 -0.0021438529995767247 -0.0009556643161856483 0.9999972452962212 0.007875987485210624 -0.9999685432882572 -0.0009387518807172868 -0.025925687748025818 0.15069282030797335 0.02265049968580285 0.0 1.49059 0.0 1.49059 1.49059
0.9999666858028066 0.007873953243162804 0.002151312361205239 -0.0021438529995767247 -0.0009556643161856483 0.9999972452962212 0.007875987485210624 -0.9999685432882572 -0.0009387518807172868 -0.025925687748025818 0.15069282030797335 0.02265049968580285 0.0 1.49059 0.0 1.49059 1.49059
0.9999666858028066 0.007873953243162804 0.002151312361205239 -0.0021438529995767247 -0.0009556643161856483 0.9999972452962212 0.007875987485210624 -0.9999685432882572 -0.0009387518807172868 -0.025925687748025818 0.15069282030797335 0.02265049968580285 0.0 1.49059 0.0 1.49059 1.49059
0.9999666858028066 0.007873953243162804 0.002151312361205239 -0.0021438529995767247 -0.0009556643161856483 0.9999972452962212 0.007875987485210624 -0.9999685432882572 -0.0009387518807172868 -0.025925687748025818 0.15069282030797335 0.02265049968580285 0.0 1.49059 0.0 1.49059 1.49059
0.9999666858028066 0.007873953243162804 0.002151312361205239 -0.0021438529995767247 -0.0009556643161856483 0.9999972452962212 0.007875987485210624 -0.9999685432882572 -0.0009387518807172868 -0.025925687748025818 0.15069282030797335 0.02265049968580285 0.0 1.49059 0.0 1.49059 1.49059
0.9999666858028066 0.007873953243162804 0.002151312361205239 -0.0021438529995767247 -0.0009556643161856483 0.9999972452962212 0.007875987485210624 -0.9999685432882572 -0.0009387518807172868 -0.025925687748025818 0.15069282030797335 0.02265049968580285 0.0 1.49059 0.0 1.49059 1.49059
0.9999666858028066 0.007873953243162804 0.002151312361205239 -0.0021438529995767247 -0.0009556643161856483 0.9999972452962212 0.007875987485210624 -0.9999685432882572 -0.0009387518807172868 -0.025925687748025818 0.15069282030797335 0.02265049968580285 0.0 1.49059 0.0 1.49059 1.49059
0.9999666858028066 0.007873953243162804 0.002151312361205239 -0.0021438529995767247 -0.0009556643161856483 0.9999972452962212 0.007875987485210624 -0.9999685432882572 -0.0009387518807172868 -0.025925687748025818 0.15069282030797335 0.02265049968580285 0.0 1.49059 0.0 1.49059 1.49059
0.9999666858028066 0.007873953243162804 0.002151312361205239 -0.0021438529995767247 -0.0009556643161856483 0.9999972452962212 0.007875987485210624 -0.9999685432882572 -0.0009387518807172868 -0.025925687748025818 0.15069282030797335 0.02265049968580285 0.0 1.49059 0.0 1.49059 1.49059
0.9999666858028066 0.007873953243162804 0.002151312361205239 -0.0021438529995767247 -0.0009556643161856483 0.9999972452962212 0.007875987485210624 -0.9999685432882572 -0.0009387518807172868 -0.025925687748025818 0.15069282030797335 0.02265049968580285 0.0 1.49059 0.0 1.49059 1.49059
0.9999666858028066 0.007873953243162804 0.002151312361205239 -0.0021438529995767247 -0.0009556643161856483 0.9999972452962212 0.007875987485210624 -0.9999685432882572 -0.0009387518807172868 -0.025925687748025818 0.15069282030797335 0.02265049968580285 0.0 1.49059 0.0 1.49059 1.49059
0.9999666858028066 0.007873953243162804 0.002151312361205239 -0.0021438529995767247 -0.0009556643161856483 0.9999972452962212 0.007875987485210624 -0.9999685432882572 -0.0009387518807172868 -0.025925687748025818 0.15069282030797335 0.02265049968580285 0.0 1.49059 0.0 1.49059 1.49059
0.9999666858028066 0.007873953243162804 0.002151312361205239 -0.0021438529995767247 -0.0009556643161856483 0.9999972452962212 0.007875987485210624 -0.9999685432882572 -0.0009387518807172868 -0.025925687748025818 0.15069282030797335 0.02265049968580285 0.0 1.49059 0.0 1.49059 1.49059
0.9999666858028066 0.007873953243162804 0.002151312361205239 -0.0021438529995767247 -0.0009556643161856483 0.9999972452962212 0.007875987485210624 -0.9999685432882572 -0.0009387518807172868 -0.025925687748025818 0.15069282030797335 0.02265049968580285 0.0 1.49059 0.0 1.49059 1.49059
0.9999666858028066 0.007873953243162804 0.002151312361205239 -0.0021438529995767247 -0.0009556643161856483 0.9999972452962212 0.007875987485210624 -0.9999685432882572 -0.0009387518807172868 -0.025925687748025818 0.15069282030797335 0.02265049968580285 0.0 1.49059 0.0 1.49059 1.49059
0.9999666858028066 0.007873953243162804 0.002151312361205239 -0.0021438529995767247 -0.0009556643161856483 0.9999972452962212 0.007875987485210624 -0.9999685432882572 -0.0009387518807172868 -0.025925687748025818 0.15069282030797335 0.02265049968580285 0.0 1.49059 0.0 1.49059 1.49059
0.9999666858028066 0.007873953243162804 0.002151312361205239 -0.0021438529995767247 -0.0009556643161856483 0.9999972452962212 0.007875987485210624 -0.9999685432882572 -0.0009387518807172868 -0.025925687748025818 0.15069282030797335 0.02265049968580285 0.0 1.49059 0.0 1.49059 1.49059
0.9999666858028066 0.007873953243162804 0.002151312361205239 -0.0021438529995767247 -0.0009556643161856483 0.9999972452962212 0.007875987485210624 -0.9999685432882572 -0.0009387518807172868 -0.025925687748025818 0.15069282030797335 0.02265049968580285 0.0 1.49059 0.0 1.49059 1.49059
0.9999666858028066 0.007873953243162804 0.002151312361205239 -0.0021438529995767247 -0.0009556643161856483 0.9999972452962212 0.007875987485210624 -0.9999685432882572 -0.0009387518807172868 -0.025925687748025818 0.15069282030797335 0.02265049968580285 0.0 1.49059 0.0 1.49059 1.49059
0.9999666858028066 0.007873953243162804 0.002151312361205239 -0.0021438529995767247 -0.0009556643161856483 0.9999972452962212 0.007875987485210624 -0.9999685432882572 -0.0009387518807172868 -0.025925687748025818 0.15069282030797335 0.02265049968580285 0.0 1.49059 0.0 1.49059 1.49059
0.9999666858028066 0.007873953243162804 0.002151312361205239 -0.0021438529995767247 -0.0009556643161856483 0.9999972452962212 0.007875987485210624 -0.9999685432882572 -0.0009387518807172868 -0.025925687748025818 0.15069282030797335 0.02265049968580285 0.0 1.49059 0.0 1.49059 1.49059
0.9999666858028066 0.007873953243162804 0.002151312361205239 -0.0021438529995767247 -0.0009556643161856483 0.9999972452962212 0.007875987485210624 -0.9999685432882572 -0.0009387518807172868 -0.025925687748025818 0.15069282030797335 0.02265049968580285 0.0 1.49059 0.0 1.49059 1.49059
0.9999666858028066 0.007873953243162804 0.002151312361205239 -0.0021438529995767247 -0.0009556643161856483 0.9999972452962212 0.007875987485210624 -0.9999685432882572 -0.0009387518807172868 -0.025925687748025818 0.15069282030797335 0.02265049968580285 0.0 1.49059 0.0 1.49059 1.49059
0.9999666858028066 0.007873953243162804 0.002151312361205239 -0.0021438529995767247 -0.0009556643161856483 0.9999972452962212 0.007875987485210624 -0.9999685432882572 -0.0009387518807172868 -0.025925687748025818 0.15069282030797335 0.02265049968580285 0.0 1.49059 0.0 1.49059 1.49059
0.9999666858028066 0.007873953243162804 0.002151312361205239 -0.0021438529995767247 -0.0009556643161856483 0.9999972452962212 0.007875987485210624 -0.9999685432882572 -0.0009387518807172868 -0.025925687748025818 0.15069282030797335 0.02265049968580285 0.0 1.49059 0.0 1.49059 1.49059
0.9999666858028066 0.007873953243162804 0.002151312361205239 -0.0021438529995767247 -0.0009556643161856483 0.9999972452962212 0.007875987485210624 -0.9999685432882572 -0.0009387518807172868 -0.025925687748025818 0.15069282030797335 0.02265049968580285 0.0 1.49059 0.0 1.49059 1.49059
0.9999666858028066 0.007873953243162804 0.002151312361205239 -0.0021438529995767247 -0.0009556643161856483 0.9999972452962212 0.007875987485210624 -0.9999685432882572 -0.0009387518807172868 -0.025925687748025818 0.15069282030797335 0.02265049968580285 0.0 1.49059 0.0 1.49059 1.49059
0.9999666858028066 0.007873953243162804 0.002151312361205239 -0.0021438529995767247 -0.0009556643161856483 0.9999972452962212 0.007875987485210624 -0.9999685432882572 -0.0009387518807172868 -0.025925687748025818 0.15069282030797335 0.02265049968580285 0.0 1.49059 0.0 1.49059 1.49059
0.9999666858028066 0.007873953243162804 0.002151312361205239 -0.0021438529995767247 -0.0009556643161856483 0.9999972452962212 0.007875987485210624 -0.9999685432882572 -0.0009387518807172868 -0.025925687748025818 0.15069282030797335 0.02265049968580285 0.0 1.49059 0.0 1.49059 1.49059
0.9999666858028066 0.007873953243162804 0.002151312361205239 -0.0021438529995767247 -0.0009556643161856483 0.9999972452962212 0.007875987485210624 -0.9999685432882572 -0.0009387518807172868 -0.025925687748025818 0.15069282030797335 0.02265049968580285 0.0 1.49059 0.0 1.49059 1.49059
0.9999666858028066 0.007873953243162804 0.002151312361205239 -0.0021438529995767247 -0.0009556643161856483 0.9999972452962212 0.007875987485210624 -0.9999685432882572 -0.0009387518807172868 -0.025925687748025818 0.15069282030797335 0.02265049968580285 0.0 1.49059 0.0 1.49059 1.49059
0.9999666858028066 0.007873953243162804 0.002151312361205239 -0.0021438529995767247 -0.0009556643161856483 0.9999972452962212 0.007875987485210624 -0.9999685432882572 -0.0009387518807172868 -0.025925687748025818 0.15069282030797335 0.02265049968580285 0.0 1.49059 0.0 1.49059 1.49059
0.9999666858028066 0.007873953243162804 0.002151312361205239 -0.0021438529995767247 -0.0009556643161856483 0.9999972452962212 0.007875987485210624 -0.9999685432882572 -0.0009387518807172868 -0.025925687748025818 0.15069282030797335 0.02265049968580285 0.0 1.49059 0.0 1.49059 1.49059
0.9999666858028066 0.007873953243162804 0.002151312361205239 -0.0021438529995767247 -0.0009556643161856483 0.9999972452962212 0.007875987485210624 -0.9999685432882572 -0.0009387518807172868 -0.025925687748025818 0.15069282030797335 0.02265049968580285 0.0 1.49059 0.0 1.49059 1.49059
0.9999666858028066 0.007873953243162804 0.002151312361205239 -0.0021438529995767247 -0.0009556643161856483 0.9999972452962212 0.007875987485210624 -0.9999685432882572 -0.0009387518807172868 -0.025925687748025818 0.15069282030797335 0.02265049968580285 0.0 1.49059 0.0 1.49059 1.49059
0.9999666858028066 0.007873953243162804 0.002151312361205239 -0.0021438529995767247 -0.0009556643161856483 0.9999972452962212 0.007875987485210624 -0.9999685432882572 -0.0009387518807172868 -0.025925687748025818 0.15069282030797335 0.02265049968580285 0.0 1.49059 0.0 1.49059 1.49059
0.9999666858028066 0.007873953243162804 0.002151312361205239 -0.0021438529995767247 -0.0009556643161856483 0.9999972452962212 0.007875987485210624 -0.9999685432882572 -0.0009387518807172868 -0.025925687748025818 0.15069282030797335 0.02265049968580285 0.0 1.49059 0.0 1.49059 1.49059
0.9999666858028066 0.007873953243162804 0.002151312361205239 -0.0021438529995767247 -0.0009556643161856483 0.9999972452962212 0.007875987485210624 -0.9999685432882572 -0.0009387518807172868 -0.025925687748025818 0.15069282030797335 0.02265049968580285 0.0 1.49059 0.0 1.49059 1.49059
0.9999666858028066 0.007873953243162804 0.002151312361205239 -0.0021438529995767247 -0.0009556643161856483 0.9999972452962212 0.007875987485210624 -0.9999685432882572 -0.0009387518807172868 -0.025925687748025818 0.15069282030797335 0.02265049968580285 0.0 1.49059 0.0 1.49059 1.49059
0.9999666858028066 0.007873953243162804 0.002151312361205239 -0.0021438529995767247 -0.0009556643161856483 0.9999972452962212 0.007875987485210624 -0.9999685432882572 -0.0009387518807172868 -0.025925687748025818 0.15069282030797335 0.02265049968580285 0.0 1.49059 0.0 1.49059 1.49059
