0.9994692322718041 -0.03250553411587206 0.0021549927731941685 -0.002188083057229939 -0.0009824517513477666 0.9999971235364085 -0.03250332343846247 -0.9994710726381221 -0.0010530551061287913 -0.01867181629612371 0.14918529467139688 0.022671124280814275 -3.7417802190020666e-10 1.517339603601802 -8.88543461030622e-10 1.5173396060046223 1.5173396138518171
0.9994692322718041 -0.03250553411587206 0.0021549927731941685 -0.002188083057229939 -0.0009824517513477666 0.9999971235364085 -0.03250332343846247 -0.9994710726381221 -0.0010530551061287913 -0.01867181629612371 0.14918529467139688 0.022671124280814275 -3.7417802190020666e-10 1.517339603601802 -8.88543461030622e-10 1.5173396060046223 1.5173396138518171
0.9994692322718041 -0.03250553411587206 0.0021549927731941685 -0.002188083057229939 -0.0009824517513477666 0.9999971235364085 -0.03250332343846247 -0.9994710726381221 -0.0010530551061287913 -0.01867181629612371 0.14918529467139688 0.022671124280814275 -3.7417802190020666e-10 1.517339603601802 -8.88543461030622e-10 1.5173396060046223 1.5173396138518171
0.9994692322718041 -0.03250553411587206 0.0021549927731941685 -0.002188083057229939 -0.0009824517513477666 0.9999971235364085 -0.03250332343846247 -0.9994710726381221 -0.0010530551061287913 -0.01867181629612371 0.14918529467139688 0.022671124280814275 -3.7417802190020666e-10 1.517339603601802 -8.88543461030622e-10 1.5173396060046223 1.5173396138518171
0.9994692322718041 -0.03250553411587206 0.0021549927731941685 -0.002188083057229939 -0.0009824517513477666 0.9999971235364085 -0.03250332343846247 -0.9994710726381221 -0.0010530551061287913 -0.01867181629612371 0.14918529467139688 0.022671124280814275 -3.7417802190020666e-10 1.517339603601802 -8.88543461030622e-10 1.5173396060046223 1.5173396138518171
0.9994692322718041 -0.03250553411587206 0.0021549927731941685 -0.002188083057229939 -0.0009824517513477666 0.9999971235364085 -0.03250332343846247 -0.9994710726381221 -0.0010530551061287913 -0.01867181629612371 0.14918529467139688 0.022671124280814275 -3.7417802190020666e-10 1.517339603601802 -8.88543461030622e-10 1.5173396060046223 1.5173396138518171
0.9994692322718041 -0.03250553411587206 0.0021549927731941685 -0.002188083057229939 -0.0009824517513477666 0.9999971235364085 -0.03250332343846247 -0.9994710726381221 -0.0010530551061287913 -0.01867181629612371 0.14918529467139688 0.022671124280814275 -3.7417802190020666e-10 1.517339603601802 -8.88543461030622e-10 1.5173396060046223 1.5173396138518171
0.9994692322718041 -0.03250553411587206 0.0021549927731941685 -0.002188083057229939 -0.0009824517513477666 0.9999971235364085 -0.03250332343846247 -0.9994710726381221 -0.0010530551061287913 -0.01867181629612371 0.14918529467139688 0.022671124280814275 -3.7417802190020666e-10 1.517339603601802 -8.88543461030622e-10 1.5173396060046223 1.5173396138518171
0.9994692322718041 -0.03250553411587206 0.0021549927731941685 -0.002188083057229939 -0.0009824517513477666 0.9999971235364085 -0.03250332343846247 -0.9994710726381221 -0.0010530551061287913 -0.01867181629612371 0.14918529467139688 0.022671124280814275 -3.7417802190020666e-10 1.517339603601802 -8.88543461030622e-10 1.5173396060046223 1.5173396138518171
0.9994692322718041 -0.03250553411587206 0.0021549927731941685 -0.002188083057229939 -0.0009824517513477666 0.9999971235364085 -0.03250332343846247 -0.9994710726381221 -0.0010530551061287913 -0.01867181629612371 0.14918529467139688 0.022671124280814275 -3.7417802190020666e-10 1.517339603601802 -8.88543461030622e-10 1.5173396060046223 1.5173396138518171
0.9994692322718041 -0.03250553411587206 0.0021549927731941685 -0.002188083057229939 -0.0009824517513477666 0.9999971235364085 -0.03250332343846247 -0.9994710726381221 -0.0010530551061287913 -0.01867181629612371 0.14918529467139688 0.022671124280814275 -3.7417802190020666e-10 1.517339603601802 -8.88543461030622e-10 1.5173396060046223 1.5173396138518171
0.9994692322718041 -0.03250553411587206 0.0021549927731941685 -0.002188083057229939 -0.0009824517513477666 0.9999971235364085 -0.03250332343846247 -0.9994710726381221 -0.0010530551061287913 -0.01867181629612371 0.14918529467139688 0.022671124280814275 -3.7417802190020666e-10 1.517339603601802 -8.88543461030622e-10 1.5173396060046223 1.5173396138518171
0.9994692322718041 -0.03250553411587206 0.0021549927731941685 -0.002188083057229939 -0.0009824517513477666 0.9999971235364085 -0.03250332343846247 -0.9994710726381221 -0.0010530551061287913 -0.01867181629612371 0.14918529467139688 0.022671124280814275 -3.7417802190020666e-10 1.517339603601802 -8.88543461030622e-10 1.5173396060046223 1.5173396138518171
0.9994692322718041 -0.03250553411587206 0.0021549927731941685 -0.002188083057229939 -0.0009824517513477666 0.9999971235364085 -0.03250332343846247 -0.9994710726381221 -0.0010530551061287913 -0.01867181629612371 0.14918529467139688 0.022671124280814275 -3.7417802190020666e-10 1.517339603601802 -8.88543461030622e-10 1.5173396060046223 1.5173396138518171
0.9994692322718041 -0.03250553411587206 0.0021549927731941685 -0.002188083057229939 -0.0009824517513477666 0.9999971235364085 -0.03250332343846247 -0.9994710726381221 -0.0010530551061287913 -0.01867181629612371 0.14918529467139688 0.022671124280814275 -3.7417802190020666e-10 1.517339603601802 -8.88543461030622e-10 1.5173396060046223 1.5173396138518171
0.9994692322718041 -0.03250553411587206 0.0021549927731941685 -0.002188083057229939 -0.0009824517513477666 0.9999971235364085 -0.03250332343846247 -0.9994710726381221 -0.0010530551061287913 -0.01867181629612371 0.14918529467139688 0.022671124280814275 -3.7417802190020666e-10 1.517339603601802 -8.88543461030622e-10 1.5173396060046223 1.5173396138518171
0.9994692322718041 -0.03250553411587206 0.0021549927731941685 -0.002188083057229939 -0.0009824517513477666 0.9999971235364085 -0.03250332343846247 -0.9994710726381221 -0.0010530551061287913 -0.01867181629612371 0.14918529467139688 0.022671124280814275 -3.7417802190020666e-10 1.517339603601802 -8.88543461030622e-10 1.5173396060046223 1.5173396138518171
0.9994692322718041 -0.03250553411587206 0.0021549927731941685 -0.002188083057229939 -0.0009824517513477666 0.9999971235364085 -0.03250332343846247 -0.9994710726381221 -0.0010530551061287913 -0.01867181629612371 0.14918529467139688 0.022671124280814275 -3.7417802190020666e-10 1.517339603601802 -8.88543461030622e-10 1.5173396060046223 1.5173396138518171
0.9994692322718041 -0.03250553411587206 0.0021549927731941685 -0.002188083057229939 -0.0009824517513477666 0.9999971235364085 -0.03250332343846247 -0.9994710726381221 -0.0010530551061287913 -0.01867181629612371 0.14918529467139688 0.022671124280814275 -3.7417802190020666e-10 1.517339603601802 -8.88543461030622e-10 1.5173396060046223 1.5173396138518171
0.9994692322718041 -0.03250553411587206 0.0021549927731941685 -0.002188083057229939 -0.0009824517513477666 0.9999971235364085 -0.03250332343846247 -0.9994710726381221 -0.0010530551061287913 -0.01867181629612371 0.14918529467139688 0.022671124280814275 -3.7417802190020666e-10 1.517339603601802 -8.88543461030622e-10 1.5173396060046223 1.5173396138518171
0.9994692322718041 -0.03250553411587206 0.0021549927731941685 -0.002188083057229939 -0.0009824517513477666 0.9999971235364085 -0.03250332343846247 -0.9994710726381221 -0.0010530551061287913 -0.01867181629612371 0.14918529467139688 0.022671124280814275 -3.7417802190020666e-10 1.517339603601802 -8.88543461030622e-10 1.5173396060046223 1.5173396138518171
0.9994692322718041 -0.03250553411587206 0.0021549927731941685 -0.002188083057229939 -0.0009824517513477666 0.9999971235364085 -0.03250332343846247 -0.9994710726381221 -0.0010530551061287913 -0.01867181629612371 0.14918529467139688 0.022671124280814275 -3.7417802190020666e-10 1.517339603601802 -8.88543461030622e-10 1.5173396060046223 1.5173396138518171
0.9994692322718041 -0.03250553411587206 0.0021549927731941685 -0.002188083057229939 -0.0009824517513477666 0.9999971235364085 -0.03250332343846247 -0.9994710726381221 -0.0010530551061287913 -0.01867181629612371 0.14918529467139688 0.022671124280814275 -3.7417802190020666e-10 1.517339603601802 -8.88543461030622e-10 1.5173396060046223 1.5173396138518171
0.9994692322718041 -0.03250553411587206 0.0021549927731941685 -0.002188083057229939 -0.0009824517513477666 0.9999971235364085 -0.03250332343846247 -0.9994710726381221 -0.0010530551061287913 -0.01867181629612371 0.14918529467139688 0.022671124280814275 -3.7417802190020666e-10 1.517339603601802 -8.88543461030622e-10 1.5173396060046223 1.5173396138518171
0.9994692322718041 -0.03250553411587206 0.0021549927731941685 -0.002188083057229939 -0.0009824517513477666 0.9999971235364085 -0.03250332343846247 -0.9994710726381221 -0.0010530551061287913 -0.01867181629612371 0.14918529467139688 0.022671124280814275 -3.7417802190020666e-10 1.517339603601802 -8.88543461030622e-10 1.5173396060046223 1.5173396138518171
0.9994692322718041 -0.03250553411587206 0.0021549927731941685 -0.002188083057229939 -0.0009824517513477666 0.9999971235364085 -0.03250332343846247 -0.9994710726381221 -0.0010530551061287913 -0.01867181629612371 0.14918529467139688 0.022671124280814275 -3.7417802190020666e-10 1.517339603601802 -8.88543461030622e-10 1.5173396060046223 1.5173396138518171
0.9994692322718041 -0.03250553411587206 0.0021549927731941685 -0.002188083057229939 -0.0009824517513477666 0.9999971235364085 -0.03250332343846247 -0.9994710726381221 -0.0010530551061287913 -0.01867181629612371 0.14918529467139688 0.022671124280814275 -3.7417802190020666e-10 1.517339603601802 -8.88543461030622e-10 1.5173396060046223 1.5173396138518171
0.9994692322718041 -0.03250553411587206 0.0021549927731941685 -0.002188083057229939 -0.0009824517513477666 0.9999971235364085 -0.03250332343846247 -0.9994710726381221 -0.0010530551061287913 -0.01867181629612371 0.14918529467139688 0.022671124280814275 -3.7417802190020666e-10 1.517339603601802 -8.88543461030622e-10 1.5173396060046223 1.5173396138518171
0.9994692322718041 -0.03250553411587206 0.0021549927731941685 -0.002188083057229939 -0.0009824517513477666 0.9999971235364085 -0.03250332343846247 -0.9994710726381221 -0.0010530551061287913 -0.01867181629612371 0.14918529467139688 0.022671124280814275 -3.7417802190020666e-10 1.517339603601802 -8.88543461030622e-10 1.5173396060046223 1.5173396138518171
0.9994692322718041 -0.03250553411587206 0.0021549927731941685 -0.002188083057229939 -0.0009824517513477666 0.9999971235364085 -0.03250332343846247 -0.9994710726381221 -0.0010530551061287913 -0.01867181629612371 0.14918529467139688 0.022671124280814275 -3.7417802190020666e-10 1.517339603601802 -8.88543461030622e-10 1.5173396060046223 1.5173396138518171
0.9994692322718041 -0.03250553411587206 0.0021549927731941685 -0.002188083057229939 -0.0009824517513477666 0.9999971235364085 -0.03250332343846247 -0.9994710726381221 -0.0010530551061287913 -0.01867181629612371 0.14918529467139688 0.022671124280814275 -3.7417802190020666e-10 1.517339603601802 -8.88543461030622e-10 1.5173396060046223 1.5173396138518171
0.9994692322718041 -0.03250553411587206 0.0021549927731941685 -0.002188083057229939 -0.0009824517513477666 0.9999971235364085 -0.03250332343846247 -0.9994710726381221 -0.0010530551061287913 -0.01867181629612371 0.14918529467139688 0.022671124280814275 -3.7417802190020666e-10 1.517339603601802 -8.88543461030622e-10 1.5173396060046223 1.5173396138518171
0.9994692322718041 -0.03250553411587206 0.0021549927731941685 -0.002188083057229939 -0.0009824517513477666 0.9999971235364085 -0.03250332343846247 -0.9994710726381221 -0.0010530551061287913 -0.01867181629612371 0.14918529467139688 0.022671124280814275 -3.7417802190020666e-10 1.517339603601802 -8.88543461030622e-10 1.5173396060046223 1.5173396138518171
0.9994692322718041 -0.03250553411587206 0.0021549927731941685 -0.002188083057229939 -0.0009824517513477666 0.9999971235364085 -0.03250332343846247 -0.9994710726381221 -0.0010530551061287913 -0.01867181629612371 0.14918529467139688 0.022671124280814275 -3.7417802190020666e-10 1.517339603601802 -8.88543461030622e-10 1.5173396060046223 1.5173396138518171
0.9994692322718041 -0.03250553411587206 0.0021549927731941685 -0.002188083057229939 -0.0009824517513477666 0.9999971235364085 -0.03250332343846247 -0.9994710726381221 -0.0010530551061287913 -0.01867181629612371 0.14918529467139688 0.022671124280814275 -3.7417802190020666e-10 1.517339603601802 -8.88543461030622e-10 1.5173396060046223 1.5173396138518171
0.9994692322718041 -0.03250553411587206 0.0021549927731941685 -0.002188083057229939 -0.0009824517513477666 0.9999971235364085 -0.03250332343846247 -0.9994710726381221 -0.0010530551061287913 -0.01867181629612371 0.14918529467139688 0.022671124280814275 -3.7417802190020666e-10 1.517339603601802 -8.88543461030622e-10 1.5173396060046223 1.5173396138518171
0.9994692322718041 -0.03250553411587206 0.0021549927731941685 -0.002188083057229939 -0.0009824517513477666 0.9999971235364085 -0.03250332343846247 -0.9994710726381221 -0.0010530551061287913 -0.01867181629612371 0.14918529467139688 0.022671124280814275 -3.7417802190020666e-10 1.517339603601802 -8.88543461030622e-10 1.5173396060046223 1.5173396138518171
0.9994692322718041 -0.03250553411587206 0.0021549927731941685 -0.002188083057229939 -0.0009824517513477666 0.9999971235364085 -0.03250332343846247 -0.9994710726381221 -0.0010530551061287913 -0.01867181629612371 0.14918529467139688 0.022671124280814275 -3.7417802190020666e-10 1.517339603601802 -8.88543461030622e-10 1.5173396060046223 1.5173396138518171
0.9994692322718041 -0.03250553411587206 0.0021549927731941685 -0.002188083057229939 -0.0009824517513477666 0.9999971235364085 -0.03250332343846247 -0.9994710726381221 -0.0010530551061287913 -0.01867181629612371 0.14918529467139688 0.022671124280814275 -3.7417802190020666e-10 1.517339603601802 -8.88543461030622e-10 1.5173396060046223 1.5173396138518171
0.9994692322718041 -0.03250553411587206 0.0021549927731941685 -0.002188083057229939 -0.0009824517513477666 0.9999971235364085 -0.03250332343846247 -0.9994710726381221 -0.0010530551061287913 -0.01867181629612371 0.14918529467139688 0.022671124280814275 -3.7417802190020666e-10 1.517339603601802 -8.88543461030622e-10 1.5173396060046223 1.5173396138518171
0.9994692322718041 -0.03250553411587206 0.0021549927731941685 -0.002188083057229939 -0.0009824517513477666 0.9999971235364085 -0.03250332343846247 -0.9994710726381221 -0.0010530551061287913 -0.01867181629612371 0.14918529467139688 0.022671124280814275 -3.7417802190020666e-10 1.517339603601802 -8.88543461030622e-10 1.5173396060046223 1.5173396138518171
0.9994692322718041 -0.03250553411587206 0.0021549927731941685 -0.002188083057229939 -0.0009824517513477666 0.9999971235364085 -0.03250332343846247 -0.9994710726381221 -0.0010530551061287913 -0.01867181629612371 0.14918529467139688 0.022671124280814275 -3.7417802190020666e-10 1.517339603601802 -8.88543461030622e-10 1.5173396060046223 1.5173396138518171
0.9994692322718041 -0.03250553411587206 0.0021549927731941685 -0.002188083057229939 -0.0009824517513477666 0.9999971235364085 -0.03250332343846247 -0.9994710726381221 -0.0010530551061287913 -0.01867181629612371 0.14918529467139688 0.022671124280814275 -3.7417802190020666e-10 1.517339603601802 -8.88543461030622e-10 1.5173396060046223 1.5173396138518171
0.9994692322718041 -0.03250553411587206 0.0021549927731941685 -0.002188083057229939 -0.0009824517513477666 0.9999971235364085 -0.03250332343846247 -0.9994710726381221 -0.0010530551061287913 -0.01867181629612371 0.14918529467139688 0.022671124280814275 -3.7417802190020666e-10 1.517339603601802 -8.88543461030622e-10 1.5173396060046223 1.5173396138518171
0.9994692322718041 -0.03250553411587206 0.0021549927731941685 -0.002188083057229939 -0.0009824517513477666 0.9999971235364085 -0.03250332343846247 -0.9994710726381221 -0.0010530551061287913 -0.01867181629612371 0.14918529467139688 0.022671124280814275 -3.7417802190020666e-10 1.517339603601802 -8.88543461030622e-10 1.5173396060046223 1.5173396138518171
0.9994692322718041 -0.03250553411587206 0.0021549927731941685 -0.002188083057229939 -0.0009824517513477666 0.9999971235364085 -0.03250332343846247 -0.9994710726381221 -0.0010530551061287913 -0.01867181629612371 0.14918529467139688 0.022671124280814275 -3.7417802190020666e-10 1.517339603601802 -8.88543461030622e-10 1.5173396060046223 1.5173396138518171
0.9994692322718041 -0.03250553411587206 0.0021549927731941685 -0.002188083057229939 -0.0009824517513477666 0.9999971235364085 -0.03250332343846247 -0.9994710726381221 -0.0010530551061287913 -0.01867181629612371 0.14918529467139688 0.022671124280814275 -3.7417802190020666e-10 1.517339603601802 -8.88543461030622e-10 1.5173396060046223 1.5173396138518171
0.9994692322718041 -0.03250553411587206 0.0021549927731941685 -0.002188083057229939 -0.0009824517513477666 0.9999971235364085 -0.03250332343846247 -0.9994710726381221 -0.0010530551061287913 -0.01867181629612371 0.14918529467139688 0.022671124280814275 -3.7417802190020666e-10 1.517339603601802 -8.88543461030622e-10 1.5173396060046223 1.5173396138518171
0.9994692322718041 -0.03250553411587206 0.0021549927731941685 -0.002188083057229939 -0.0009824517513477666 0.9999971235364085 -0.03250332343846247 -0.9994710726381221 -0.0010530551061287913 -0.01867181629612371 0.14918529467139688 0.022671124280814275 -3.7417802190020666e-10 1.517339603601802 -8.88543461030622e-10 1.5173396060046223 1.5173396138518171
0.9994692322718041 -0.03250553411587206 0.0021549927731941685 -0.002188083057229939 -0.0009824517513477666 0.9999971235364085 -0.03250332343846247 -0.9994710726381221 -0.0010530551061287913 -0.01867181629612371 0.14918529467139688 0.022671124280814275 -3.7417802190020666e-10 1.517339603601802 -8.88543461030622e-10 1.5173396060046223 1.5173396138518171
0.9994692322718041 -0.03250553411587206 0.0021549927731941685 -0.002188083057229939 -0.0009824517513477666 0.9999971235364085 -0.03250332343846247 -0.9994710726381221 -0.0010530551061287913 -0.01867181629612371 0.14918529467139688 0.022671124280814275 -3.7417802190020666e-10 1.517339603601802 -8.88543461030622e-10 1.5173396060046223 1.5173396138518171
0.6187381595447312 -0.6935913225616775 -0.36890942952212785 0.04108591979097079 -0.4403788079864426 0.8968714805764367 -0.7845221712087739 -0.5700855924715016 -0.24398233570955155 0.6293293129800855 0.7089284679105332 -0.23684597347910027 0.0 1.48004 0.0 1.48004 1.48004
0.6187381595447312 -0.6935913225616775 -0.36890942952212785 0.04108591979097079 -0.4403788079864426 0.8968714805764367 -0.7845221712087739 -0.5700855924715016 -0.24398233570955155 0.6293293129800855 0.7089284679105332 -0.23684597347910027 0.0 1.48004 0.0 1.48004 1.48004
0.6187381595447312 -0.6935913225616775 -0.36890942952212785 0.04108591979097079 -0.4403788079864426 0.8968714805764367 -0.7845221712087739 -0.5700855924715016 -0.24398233570955155 0.6293293129800855 0.7089284679105332 -0.23684597347910027 0.0 1.48004 0.0 1.48004 1.48004
0.6187381595447312 -0.6935913225616775 -0.36890942952212785 0.04108591979097079 -0.4403788079864426 0.8968714805764367 -0.7845221712087739 -0.5700855924715016 -0.24398233570955155 0.6293293129800855 0.7089284679105332 -0.23684597347910027 0.0 1.48004 0.0 1.48004 1.48004
0.6187381595447312 -0.6935913225616775 -0.36890942952212785 0.04108591979097079 -0.4403788079864426 0.8968714805764367 -0.7845221712087739 -0.5700855924715016 -0.24398233570955155 0.6293293129800855 0.7089284679105332 -0.23684597347910027 0.0 1.48004 0.0 1.48004 1.48004
0.6187381595447312 -0.6935913225616775 -0.36890942952212785 0.04108591979097079 -0.4403788079864426 0.8968714805764367 -0.7845221712087739 -0.5700855924715016 -0.24398233570955155 0.6293293129800855 0.7089284679105332 -0.23684597347910027 0.0 1.48004 0.0 1.48004 1.48004
0.6187381595447312 -0.6935913225616775 -0.36890942952212785 0.04108591979097079 -0.4403788079864426 0.8968714805764367 -0.7845221712087739 -0.5700855924715016 -0.24398233570955155 0.6293293129800855 0.7089284679105332 -0.23684597347910027 0.0 1.48004 0.0 1.48004 1.48004
0.6187381595447312 -0.6935913225616775 -0.36890942952212785 0.04108591979097079 -0.4403788079864426 0.8968714805764367 -0.7845221712087739 -0.5700855924715016 -0.24398233570955155 0.6293293129800855 0.7089284679105332 -0.23684597347910027 0.0 1.48004 0.0 1.48004 1.48004
0.6187381595447312 -0.6935913225616775 -0.36890942952212785 0.04108591979097079 -0.4403788079864426 0.8968714805764367 -0.7845221712087739 -0.5700855924715016 -0.24398233570955155 0.6293293129800855 0.7089284679105332 -0.23684597347910027 0.0 1.48004 0.0 1.48004 1.48004
0.6187381595447312 -0.6935913225616775 -0.36890942952212785 0.04108591979097079 -0.4403788079864426 0.8968714805764367 -0.7845221712087739 -0.5700855924715016 -0.24398233570955155 0.6293293129800855 0.7089284679105332 -0.23684597347910027 0.0 1.48004 0.0 1.48004 1.48004
0.6187381595447312 -0.6935913225616775 -0.36890942952212785 0.04108591979097079 -0.4403788079864426 0.8968714805764367 -0.7845221712087739 -0.5700855924715016 -0.24398233570955155 0.6293293129800855 0.7089284679105332 -0.23684597347910027 0.0 1.48004 0.0 1.48004 1.48004
0.6187381595447312 -0.6935913225616775 -0.36890942952212785 0.04108591979097079 -0.4403788079864426 0.8968714805764367 -0.7845221712087739 -0.5700855924715016 -0.24398233570955155 0.6293293129800855 0.7089284679105332 -0.23684597347910027 0.0 1.48004 0.0 1.48004 1.48004
0.6187381595447312 -0.6935913225616775 -0.36890942952212785 0.04108591979097079 -0.4403788079864426 0.8968714805764367 -0.7845221712087739 -0.5700855924715016 -0.24398233570955155 0.6293293129800855 0.7089284679105332 -0.23684597347910027 0.0 1.48004 0.0 1.48004 1.48004
0.6187381595447312 -0.6935913225616775 -0.36890942952212785 0.04108591979097079 -0.4403788079864426 0.8968714805764367 -0.7845221712087739 -0.5700855924715016 -0.24398233570955155 0.6293293129800855 0.7089284679105332 -0.23684597347910027 0.0 1.48004 0.0 1.48004 1.48004
0.6187381595447312 -0.6935913225616775 -0.36890942952212785 0.04108591979097079 -0.4403788079864426 0.8968714805764367 -0.7845221712087739 -0.5700855924715016 -0.24398233570955155 0.6293293129800855 0.7089284679105332 -0.23684597347910027 0.0 1.48004 0.0 1.48004 1.48004
0.6187381595447312 -0.6935913225616775 -0.36890942952212785 0.04108591979097079 -0.4403788079864426 0.8968714805764367 -0.7845221712087739 -0.5700855924715016 -0.24398233570955155 0.6293293129800855 0.7089284679105332 -0.23684597347910027 0.0 1.48004 0.0 1.48004 1.48004
0.6187381595447312 -0.6935913225616775 -0.36890942952212785 0.04108591979097079 -0.4403788079864426 0.8968714805764367 -0.7845221712087739 -0.5700855924715016 -0.24398233570955155 0.6293293129800855 0.7089284679105332 -0.23684597347910027 0.0 1.48004 0.0 1.48004 1.48004
0.6187381595447312 -0.6935913225616775 -0.36890942952212785 0.04108591979097079 -0.4403788079864426 0.8968714805764367 -0.7845221712087739 -0.5700855924715016 -0.24398233570955155 0.6293293129800855 0.7089284679105332 -0.23684597347910027 0.0 1.48004 0.0 1.48004 1.48004
0.6187381595447312 -0.6935913225616775 -0.36890942952212785 0.04108591979097079 -0.4403788079864426 0.8968714805764367 -0.7845221712087739 -0.5700855924715016 -0.24398233570955155 0.6293293129800855 0.7089284679105332 -0.23684597347910027 0.0 1.48004 0.0 1.48004 1.48004
0.6187381595447312 -0.6935913225616775 -0.36890942952212785 0.04108591979097079 -0.4403788079864426 0.8968714805764367 -0.7845221712087739 -0.5700855924715016 -0.24398233570955155 0.6293293129800855 0.7089284679105332 -0.23684597347910027 0.0 1.48004 0.0 1.48004 1.48004
0.6187381595447312 -0.6935913225616775 -0.36890942952212785 0.04108591979097079 -0.4403788079864426 0.8968714805764367 -0.7845221712087739 -0.5700855924715016 -0.24398233570955155 0.6293293129800855 0.7089284679105332 -0.23684597347910027 0.0 1.48004 0.0 1.48004 1.48004
0.6187381595447312 -0.6935913225616775 -0.36890942952212785 0.04108591979097079 -0.4403788079864426 0.8968714805764367 -0.7845221712087739 -0.5700855924715016 -0.24398233570955155 0.6293293129800855 0.7089284679105332 -0.23684597347910027 0.0 1.48004 0.0 1.48004 1.48004
0.6187381595447312 -0.6935913225616775 -0.36890942952212785 0.04108591979097079 -0.4403788079864426 0.8968714805764367 -0.7845221712087739 -0.5700855924715016 -0.24398233570955155 0.6293293129800855 0.7089284679105332 -0.23684597347910027 0.0 1.48004 0.0 1.48004 1.48004
0.6187381595447312 -0.6935913225616775 -0.36890942952212785 0.04108591979097079 -0.4403788079864426 0.8968714805764367 -0.7845221712087739 -0.5700855924715016 -0.24398233570955155 0.6293293129800855 0.7089284679105332 -0.23684597347910027 0.0 1.48004 0.0 1.48004 1.48004
0.6187381595447312 -0.6935913225616775 -0.36890942952212785 0.04108591979097079 -0.4403788079864426 0.8968714805764367 -0.7845221712087739 -0.5700855924715016 -0.24398233570955155 0.6293293129800855 0.7089284679105332 -0.23684597347910027 0.0 1.48004 0.0 1.48004 1.48004
0.6187381595447312 -0.6935913225616775 -0.36890942952212785 0.04108591979097079 -0.4403788079864426 0.8968714805764367 -0.7845221712087739 -0.5700855924715016 -0.24398233570955155 0.6293293129800855 0.7089284679105332 -0.23684597347910027 0.0 1.48004 0.0 1.48004 1.48004
0.6187381595447312 -0.6935913225616775 -0.36890942952212785 0.04108591979097079 -0.4403788079864426 0.8968714805764367 -0.7845221712087739 -0.5700855924715016 -0.24398233570955155 0.6293293129800855 0.7089284679105332 -0.23684597347910027 0.0 1.48004 0.0 1.48004 1.48004
0.6187381595447312 -0.6935913225616775 -0.36890942952212785 0.04108591979097079 -0.4403788079864426 0.8968714805764367 -0.7845221712087739 -0.5700855924715016 -0.24398233570955155 0.6293293129800855 0.7089284679105332 -0.23684597347910027 0.0 1.48004 0.0 1.48004 1.48004
0.6187381595447312 -0.6935913225616775 -0.36890942952212785 0.04108591979097079 -0.4403788079864426 0.8968714805764367 -0.7845221712087739 -0.5700855924715016 -0.24398233570955155 0.6293293129800855 0.7089284679105332 -0.23684597347910027 0.0 1.48004 0.0 1.48004 1.48004
0.6187381595447312 -0.6935913225616775 -0.36890942952212785 0.04108591979097079 -0.4403788079864426 0.8968714805764367 -0.7845221712087739 -0.5700855924715016 -0.24398233570955155 0.6293293129800855 0.7089284679105332 -0.23684597347910027 0.0 1.48004 0.0 1.48004 1.48004
0.6187381595447312 -0.6935913225616775 -0.36890942952212785 0.04108591979097079 -0.4403788079864426 0.8968714805764367 -0.7845221712087739 -0.5700855924715016 -0.24398233570955155 0.6293293129800855 0.7089284679105332 -0.23684597347910027 0.0 1.48004 0.0 1.48004 1.48004
0.6187381595447312 -0.6935913225616775 -0.36890942952212785 0.04108591979097079 -0.4403788079864426 0.8968714805764367 -0.7845221712087739 -0.5700855924715016 -0.24398233570955155 0.6293293129800855 0.7089284679105332 -0.23684597347910027 0.0 1.48004 0.0 1.48004 1.48004
0.6187381595447312 -0.6935913225616775 -0.36890942952212785 0.04108591979097079 -0.4403788079864426 0.8968714805764367 -0.7845221712087739 -0.5700855924715016 -0.24398233570955155 0.6293293129800855 0.7089284679105332 -0.23684597347910027 0.0 1.48004 0.0 1.48004 1.48004
0.6187381595447312 -0.6935913225616775 -0.36890942952212785 0.04108591979097079 -0.4403788079864426 0.8968714805764367 -0.7845221712087739 -0.5700855924715016 -0.24398233570955155 0.6293293129800855 0.7089284679105332 -0.23684597347910027 0.0 1.48004 0.0 1.48004 1.48004
0.6187381595447312 -0.6935913225616775 -0.36890942952212785 0.04108591979097079 -0.4403788079864426 0.8968714805764367 -0.7845221712087739 -0.5700855924715016 -0.24398233570955155 0.6293293129800855 0.7089284679105332 -0.23684597347910027 0.0 1.48004 0.0 1.48004 1.48004
0.6187381595447312 -0.6935913225616775 -0.36890942952212785 0.04108591979097079 -0.4403788079864426 0.8968714805764367 -0.7845221712087739 -0.5700855924715016 -0.24398233570955155 0.6293293129800855 0.7089284679105332 -0.23684597347910027 0.0 1.48004 0.0 1.48004 1.48004
0.6187381595447312 -0.6935913225616775 -0.36890942952212785 0.04108591979097079 -0.4403788079864426 0.8968714805764367 -0.7845221712087739 -0.5700855924715016 -0.24398233570955155 0.6293293129800855 0.7089284679105332 -0.23684597347910027 0.0 1.48004 0.0 1.48004 1.48004
0.6187381595447312 -0.6935913225616775 -0.36890942952212785 0.04108591979097079 -0.4403788079864426 0.8968714805764367 -0.7845221712087739 -0.5700855924715016 -0.24398233570955155 0.6293293129800855 0.7089284679105332 -0.23684597347910027 0.0 1.48004 0.0 1.48004 1.48004
0.6187381595447312 -0.6935913225616775 -0.36890942952212785 0.04108591979097079 -0.4403788079864426 0.8968714805764367 -0.7845221712087739 -0.5700855924715016 -0.24398233570955155 0.6293293129800855 0.7089284679105332 -0.23684597347910027 0.0 1.48004 0.0 1.48004 1.48004
0.6187381595447312 -0.6935913225616775 -0.36890942952212785 0.04108591979097079 -0.4403788079864426 0.8968714805764367 -0.7845221712087739 -0.5700855924715016 -0.24398233570955155 0.6293293129800855 0.7089284679105332 -0.23684597347910027 0.0 1.48004 0.0 1.48004 1.48004
0.6187381595447312 -0.6935913225616775 -0.36890942952212785 0.04108591979097079 -0.4403788079864426 0.8968714805764367 -0.7845221712087739 -0.5700855924715016 -0.24398233570955155 0.6293293129800855 0.7089284679105332 -0.23684597347910027 0.0 1.48004 0.0 1.48004 1.48004
0.6187381595447312 -0.6935913225616775 -0.36890942952212785 0.04108591979097079 -0.4403788079864426 0.8968714805764367 -0.7845221712087739 -0.5700855924715016 -0.24398233570955155 0.6293293129800855 0.7089284679105332 -0.23684597347910027 0.0 1.48004 0.0 1.48004 1.48004
0.6187381595447312 -0.6935913225616775 -0.36890942952212785 0.04108591979097079 -0.4403788079864426 0.8968714805764367 -0.7845221712087739 -0.5700855924715016 -0.24398233570955155 0.6293293129800855 0.7089284679105332 -0.23684597347910027 0.0 1.48004 0.0 1.48004 1.48004
0.6187381595447312 -0.6935913225616775 -0.36890942952212785 0.04108591979097079 -0.4403788079864426 0.8968714805764367 -0.7845221712087739 -0.5700855924715016 -0.24398233570955155 0.6293293129800855 0.7089284679105332 -0.23684597347910027 0.0 1.48004 0.0 1.48004 1.48004
0.5290052103341251 -0.8344730496540557 -0.15429911484000172 0.848592256908542 0.5187391555187502 0.1039272343832982 -0.006683483688549523 -0.18591508258544795 0.9825430846090317 -0.2284021804456728 1.1210375184602264 1.0013303644665459 0.0 1.47807 0.0 1.47807 1.47807
0.5290052103341251 -0.8344730496540557 -0.15429911484000172 0.848592256908542 0.5187391555187502 0.1039272343832982 -0.006683483688549523 -0.18591508258544795 0.9825430846090317 -0.2284021804456728 1.1210375184602264 1.0013303644665459 0.0 1.47807 0.0 1.47807 1.47807
0.5290052103341251 -0.8344730496540557 -0.15429911484000172 0.848592256908542 0.5187391555187502 0.1039272343832982 -0.006683483688549523 -0.18591508258544795 0.9825430846090317 -0.2284021804456728 1.1210375184602264 1.0013303644665459 0.0 1.47807 0.0 1.47807 1.47807
0.5290052103341251 -0.8344730496540557 -0.15429911484000172 0.848592256908542 0.5187391555187502 0.1039272343832982 -0.006683483688549523 -0.18591508258544795 0.9825430846090317 -0.2284021804456728 1.1210375184602264 1.0013303644665459 0.0 1.47807 0.0 1.47807 1.47807
0.5290052103341251 -0.8344730496540557 -0.15429911484000172 0.848592256908542 0.5187391555187502 0.1039272343832982 -0.006683483688549523 -0.18591508258544795 0.9825430846090317 -0.2284021804456728 1.1210375184602264 1.0013303644665459 0.0 1.47807 0.0 1.47807 1.47807
0.5290052103341251 -0.8344730496540557 -0.15429911484000172 0.848592256908542 0.5187391555187502 0.1039272343832982 -0.006683483688549523 -0.18591508258544795 0.9825430846090317 -0.2284021804456728 1.1210375184602264 1.0013303644665459 0.0 1.47807 0.0 1.47807 1.47807
0.5290052103341251 -0.8344730496540557 -0.15429911484000172 0.848592256908542 0.5187391555187502 0.1039272343832982 -0.006683483688549523 -0.18591508258544795 0.9825430846090317 -0.2284021804456728 1.1210375184602264 1.0013303644665459 0.0 1.47807 0.0 1.47807 1.47807
0.5290052103341251 -0.8344730496540557 -0.15429911484000172 0.848592256908542 0.5187391555187502 0.1039272343832982 -0.006683483688549523 -0.18591508258544795 0.9825430846090317 -0.2284021804456728 1.1210375184602264 1.0013303644665459 0.0 1.47807 0.0 1.47807 1.47807
0.5290052103341251 -0.8344730496540557 -0.15429911484000172 0.848592256908542 0.5187391555187502 0.1039272343832982 -0.006683483688549523 -0.18591508258544795 0.9825430846090317 -0.2284021804456728 1.1210375184602264 1.0013303644665459 0.0 1.47807 0.0 1.47807 1.47807
0.5290052103341251 -0.8344730496540557 -0.15429911484000172 0.848592256908542 0.5187391555187502 0.1039272343832982 -0.006683483688549523 -0.18591508258544795 0.9825430846090317 -0.2284021804456728 1.1210375184602264 1.0013303644665459 0.0 1.47807 0.0 1.47807 1.47807
0.5290052103341251 -0.8344730496540557 -0.15429911484000172 0.848592256908542 0.5187391555187502 0.1039272343832982 -0.006683483688549523 -0.18591508258544795 0.9825430846090317 -0.2284021804456728 1.1210375184602264 1.0013303644665459 0.0 1.47807 0.0 1.47807 1.47807
0.5290052103341251 -0.8344730496540557 -0.15429911484000172 0.848592256908542 0.5187391555187502 0.1039272343832982 -0.006683483688549523 -0.18591508258544795 0.9825430846090317 -0.2284021804456728 1.1210375184602264 1.0013303644665459 0.0 1.47807 0.0 1.47807 1.47807
0.5290052103341251 -0.8344730496540557 -0.15429911484000172 0.848592256908542 0.5187391555187502 0.1039272343832982 -0.006683483688549523 -0.18591508258544795 0.9825430846090317 -0.2284021804456728 1.1210375184602264 1.0013303644665459 0.0 1.47807 0.0 1.47807 1.47807
0.5290052103341251 -0.8344730496540557 -0.15429911484000172 0.848592256908542 0.5187391555187502 0.1039272343832982 -0.006683483688549523 -0.18591508258544795 0.9825430846090317 -0.2284021804456728 1.1210375184602264 1.0013303644665459 0.0 1.47807 0.0 1.47807 1.47807
0.5290052103341251 -0.8344730496540557 -0.15429911484000172 0.848592256908542 0.5187391555187502 0.1039272343832982 -0.006683483688549523 -0.18591508258544795 0.9825430846090317 -0.2284021804456728 1.1210375184602264 1.0013303644665459 0.0 1.47807 0.0 1.47807 1.47807
0.5290052103341251 -0.8344730496540557 -0.15429911484000172 0.848592256908542 0.5187391555187502 0.1039272343832982 -0.006683483688549523 -0.18591508258544795 0.9825430846090317 -0.2284021804456728 1.1210375184602264 1.0013303644665459 0.0 1.47807 0.0 1.47807 1.47807
0.5290052103341251 -0.8344730496540557 -0.15429911484000172 0.848592256908542 0.5187391555187502 0.1039272343832982 -0.006683483688549523 -0.18591508258544795 0.9825430846090317 -0.2284021804456728 1.1210375184602264 1.0013303644665459 0.0 1.47807 0.0 1.47807 1.47807
0.5290052103341251 -0.8344730496540557 -0.15429911484000172 0.848592256908542 0.5187391555187502 0.1039272343832982 -0.006683483688549523 -0.18591508258544795 0.9825430846090317 -0.2284021804456728 1.1210375184602264 1.0013303644665459 0.0 1.47807 0.0 1.47807 1.47807
0.5290052103341251 -0.8344730496540557 -0.15429911484000172 0.848592256908542 0.5187391555187502 0.1039272343832982 -0.006683483688549523 -0.18591508258544795 0.9825430846090317 -0.2284021804456728 1.1210375184602264 1.0013303644665459 0.0 1.47807 0.0 1.47807 1.47807
0.5290052103341251 -0.8344730496540557 -0.15429911484000172 0.848592256908542 0.5187391555187502 0.1039272343832982 -0.006683483688549523 -0.18591508258544795 0.9825430846090317 -0.2284021804456728 1.1210375184602264 1.0013303644665459 0.0 1.47807 0.0 1.47807 1.47807
0.5290052103341251 -0.8344730496540557 -0.15429911484000172 0.848592256908542 0.5187391555187502 0.1039272343832982 -0.006683483688549523 -0.18591508258544795 0.9825430846090317 -0.2284021804456728 1.1210375184602264 1.0013303644665459 0.0 1.47807 0.0 1.47807 1.47807
0.5290052103341251 -0.8344730496540557 -0.15429911484000172 0.848592256908542 0.5187391555187502 0.1039272343832982 -0.006683483688549523 -0.18591508258544795 0.9825430846090317 -0.2284021804456728 1.1210375184602264 1.0013303644665459 0.0 1.47807 0.0 1.47807 1.47807
0.5290052103341251 -0.8344730496540557 -0.15429911484000172 0.848592256908542 0.5187391555187502 0.1039272343832982 -0.006683483688549523 -0.18591508258544795 0.9825430846090317 -0.2284021804456728 1.1210375184602264 1.0013303644665459 0.0 1.47807 0.0 1.47807 1.47807
0.5290052103341251 -0.8344730496540557 -0.15429911484000172 0.848592256908542 0.5187391555187502 0.1039272343832982 -0.006683483688549523 -0.18591508258544795 0.9825430846090317 -0.2284021804456728 1.1210375184602264 1.0013303644665459 0.0 1.47807 0.0 1.47807 1.47807
0.5290052103341251 -0.8344730496540557 -0.15429911484000172 0.848592256908542 0.5187391555187502 0.1039272343832982 -0.006683483688549523 -0.18591508258544795 0.9825430846090317 -0.2284021804456728 1.1210375184602264 1.0013303644665459 0.0 1.47807 0.0 1.47807 1.47807
0.5290052103341251 -0.8344730496540557 -0.15429911484000172 0.848592256908542 0.5187391555187502 0.1039272343832982 -0.006683483688549523 -0.18591508258544795 0.9825430846090317 -0.2284021804456728 1.1210375184602264 1.0013303644665459 0.0 1.47807 0.0 1.47807 1.47807
0.5290052103341251 -0.8344730496540557 -0.15429911484000172 0.848592256908542 0.5187391555187502 0.1039272343832982 -0.006683483688549523 -0.18591508258544795 0.9825430846090317 -0.2284021804456728 1.1210375184602264 1.0013303644665459 0.0 1.47807 0.0 1.47807 1.47807
0.5290052103341251 -0.8344730496540557 -0.15429911484000172 0.848592256908542 0.5187391555187502 0.1039272343832982 -0.006683483688549523 -0.18591508258544795 0.9825430846090317 -0.2284021804456728 1.1210375184602264 1.0013303644665459 0.0 1.47807 0.0 1.47807 1.47807
0.5290052103341251 -0.8344730496540557 -0.15429911484000172 0.848592256908542 0.5187391555187502 0.1039272343832982 -0.006683483688549523 -0.18591508258544795 0.9825430846090317 -0.2284021804456728 1.1210375184602264 1.0013303644665459 0.0 1.47807 0.0 1.47807 1.47807
0.5290052103341251 -0.8344730496540557 -0.15429911484000172 0.848592256908542 0.5187391555187502 0.1039272343832982 -0.006683483688549523 -0.18591508258544795 0.9825430846090317 -0.2284021804456728 1.1210375184602264 1.0013303644665459 0.0 1.47807 0.0 1.47807 1.47807
0.5290052103341251 -0.8344730496540557 -0.15429911484000172 0.848592256908542 0.5187391555187502 0.1039272343832982 -0.006683483688549523 -0.18591508258544795 0.9825430846090317 -0.2284021804456728 1.1210375184602264 1.0013303644665459 0.0 1.47807 0.0 1.47807 1.47807
0.5290052103341251 -0.8344730496540557 -0.15429911484000172 0.848592256908542 0.5187391555187502 0.1039272343832982 -0.006683483688549523 -0.18591508258544795 0.9825430846090317 -0.2284021804456728 1.1210375184602264 1.0013303644665459 0.0 1.47807 0.0 1.47807 1.47807
0.5290052103341251 -0.8344730496540557 -0.15429911484000172 0.848592256908542 0.5187391555187502 0.1039272343832982 -0.006683483688549523 -0.18591508258544795 0.9825430846090317 -0.2284021804456728 1.1210375184602264 1.0013303644665459 0.0 1.47807 0.0 1.47807 1.47807
0.5290052103341251 -0.8344730496540557 -0.15429911484000172 0.848592256908542 0.5187391555187502 0.1039272343832982 -0.006683483688549523 -0.18591508258544795 0.9825430846090317 -0.2284021804456728 1.1210375184602264 1.0013303644665459 0.0 1.47807 0.0 1.47807 1.47807
0.5290052103341251 -0.8344730496540557 -0.15429911484000172 0.848592256908542 0.5187391555187502 0.1039272343832982 -0.006683483688549523 -0.18591508258544795 0.9825430846090317 -0.2284021804456728 1.1210375184602264 1.0013303644665459 0.0 1.47807 0.0 1.47807 1.47807
0.5290052103341251 -0.8344730496540557 -0.15429911484000172 0.848592256908542 0.5187391555187502 0.1039272343832982 -0.006683483688549523 -0.18591508258544795 0.9825430846090317 -0.2284021804456728 1.1210375184602264 1.0013303644665459 0.0 1.47807 0.0 1.47807 1.47807
0.5290052103341251 -0.8344730496540557 -0.15429911484000172 0.848592256908542 0.5187391555187502 0.1039272343832982 -0.006683483688549523 -0.18591508258544795 0.9825430846090317 -0.2284021804456728 1.1210375184602264 1.0013303644665459 0.0 1.47807 0.0 1.47807 1.47807
0.5290052103341251 -0.8344730496540557 -0.15429911484000172 0.848592256908542 0.5187391555187502 0.1039272343832982 -0.006683483688549523 -0.18591508258544795 0.9825430846090317 -0.2284021804456728 1.1210375184602264 1.0013303644665459 0.0 1.47807 0.0 1.47807 1.47807
0.5290052103341251 -0.8344730496540557 -0.15429911484000172 0.848592256908542 0.5187391555187502 0.1039272343832982 -0.006683483688549523 -0.18591508258544795 0.9825430846090317 -0.2284021804456728 1.1210375184602264 1.0013303644665459 0.0 1.47807 0.0 1.47807 1.47807
0.5290052103341251 -0.8344730496540557 -0.15429911484000172 0.848592256908542 0.5187391555187502 0.1039272343832982 -0.006683483688549523 -0.18591508258544795 0.9825430846090317 -0.2284021804456728 1.1210375184602264 1.0013303644665459 0.0 1.47807 0.0 1.47807 1.47807
0.5290052103341251 -0.8344730496540557 -0.15429911484000172 0.848592256908542 0.5187391555187502 0.1039272343832982 -0.006683483688549523 -0.18591508258544795 0.9825430846090317 -0.2284021804456728 1.1210375184602264 1.0013303644665459 0.0 1.47807 0.0 1.47807 1.47807
0.5290052103341251 -0.8344730496540557 -0.15429911484000172 0.848592256908542 0.5187391555187502 0.1039272343832982 -0.006683483688549523 -0.18591508258544795 0.9825430846090317 -0.2284021804456728 1.1210375184602264 1.0013303644665459 0.0 1.47807 0.0 1.47807 1.47807
0.5290052103341251 -0.8344730496540557 -0.15429911484000172 0.848592256908542 0.5187391555187502 0.1039272343832982 -0.006683483688549523 -0.18591508258544795 0.9825430846090317 -0.2284021804456728 1.1210375184602264 1.0013303644665459 0.0 1.47807 0.0 1.47807 1.47807
0.5290052103341251 -0.8344730496540557 -0.15429911484000172 0.848592256908542 0.5187391555187502 0.1039272343832982 -0.006683483688549523 -0.18591508258544795 0.9825430846090317 -0.2284021804456728 1.1210375184602264 1.0013303644665459 0.0 1.47807 0.0 1.47807 1.47807
0.5290052103341251 -0.8344730496540557 -0.15429911484000172 0.848592256908542 0.5187391555187502 0.1039272343832982 -0.006683483688549523 -0.18591508258544795 0.9825430846090317 -0.2284021804456728 1.1210375184602264 1.0013303644665459 0.0 1.47807 0.0 1.47807 1.47807
0.5290052103341251 -0.8344730496540557 -0.15429911484000172 0.848592256908542 0.5187391555187502 0.1039272343832982 -0.006683483688549523 -0.18591508258544795 0.9825430846090317 -0.2284021804456728 1.1210375184602264 1.0013303644665459 0.0 1.47807 0.0 1.47807 1.47807
0.5290052103341251 -0.8344730496540557 -0.15429911484000172 0.848592256908542 0.5187391555187502 0.1039272343832982 -0.006683483688549523 -0.18591508258544795 0.9825430846090317 -0.2284021804456728 1.1210375184602264 1.0013303644665459 0.0 1.47807 0.0 1.47807 1.47807
0.5290052103341251 -0.8344730496540557 -0.15429911484000172 0.848592256908542 0.5187391555187502 0.1039272343832982 -0.006683483688549523 -0.18591508258544795 0.9825430846090317 -0.2284021804456728 1.1210375184602264 1.0013303644665459 0.0 1.47807 0.0 1.47807 1.47807
0.5290052103341251 -0.8344730496540557 -0.15429911484000172 0.848592256908542 0.5187391555187502 0.1039272343832982 -0.006683483688549523 -0.18591508258544795 0.9825430846090317 -0.2284021804456728 1.1210375184602264 1.0013303644665459 0.0 1.47807 0.0 1.47807 1.47807
0.5290052103341251 -0.8344730496540557 -0.15429911484000172 0.848592256908542 0.5187391555187502 0.1039272343832982 -0.006683483688549523 -0.18591508258544795 0.9825430846090317 -0.2284021804456728 1.1210375184602264 1.0013303644665459 0.0 1.47807 0.0 1.47807 1.47807
0.5290052103341251 -0.8344730496540557 -0.15429911484000172 0.848592256908542 0.5187391555187502 0.1039272343832982 -0.006683483688549523 -0.18591508258544795 0.9825430846090317 -0.2284021804456728 1.1210375184602264 1.0013303644665459 0.0 1.47807 0.0 1.47807 1.47807
0.5290052103341251 -0.8344730496540557 -0.15429911484000172 0.848592256908542 0.5187391555187502 0.1039272343832982 -0.006683483688549523 -0.18591508258544795 0.9825430846090317 -0.2284021804456728 1.1210375184602264 1.0013303644665459 0.0 1.47807 0.0 1.47807 1.47807
0.5290052103341251 -0.8344730496540557 -0.15429911484000172 0.848592256908542 0.5187391555187502 0.1039272343832982 -0.006683483688549523 -0.18591508258544795 0.9825430846090317 -0.2284021804456728 1.1210375184602264 1.0013303644665459 0.0 1.47807 0.0 1.47807 1.47807
0.5290052103341251 -0.8344730496540557 -0.15429911484000172 0.848592256908542 0.5187391555187502 0.1039272343832982 -0.006683483688549523 -0.18591508258544795 0.9825430846090317 -0.2284021804456728 1.1210375184602264 1.0013303644665459 0.0 1.47807 0.0 1.47807 1.47807
0.5290052103341251 -0.8344730496540557 -0.15429911484000172 0.848592256908542 0.5187391555187502 0.1039272343832982 -0.006683483688549523 -0.18591508258544795 0.9825430846090317 -0.2284021804456728 1.1210375184602264 1.0013303644665459 0.0 1.47807 0.0 1.47807 1.47807
0.5290052103341251 -0.8344730496540557 -0.15429911484000172 0.848592256908542 0.5187391555187502 0.1039272343832982 -0.006683483688549523 -0.18591508258544795 0.9825430846090317 -0.2284021804456728 1.1210375184602264 1.0013303644665459 0.0 1.47807 0.0 1.47807 1.47807
0.36624562350196366 0.5432904565849084 0.755446638121727 -0.9035353615184927 0.40172505065835823 0.1491336117687296 -0.22245897093914765 -0.7371922839105828 0.6380121807547205 -0.791602580420594 -0.34560539098690557 0.3968478141282067 0.0 1.50599 0.0 1.50599 1.50599
0.9994159519250623 -0.03401461047383997 0.003280443877661308 -0.003388792673971429 -0.003128198851852456 0.9999893651715283 -0.034003986853520386 -0.9994164400520215 -0.00324164029611675 -0.018174449320742123 0.14768854857591357 0.023422847995901747 -3.5504754691828566e-10 1.659136779992445 -1.1521770204581117e-09 1.6588665148413 1.656463950169785
0.9990496532135509 -0.043586400442138046 -0.00012692667686376672 0.0004484060796523205 0.007365983757279594 0.9999727702369077 -0.043584278654939815 -0.9990225062428698 0.007378527925235242 -0.01658523743005453 0.14715715832512632 0.021344127205261076 -2.2138024746709561e-10 1.6531753331172556 -1.196852394969028e-09 1.6525843661365798 1.6478934231660611
