0.2415724419627818 -0.49793059325033096 -0.832891277172184 0.9664886010761231 0.046642505094929496 0.2524366469203476 -0.0868477937201471 -0.8659616625600944 0.49251178635856 0.1988243985273134 -0.6126711431990197 -0.6403271146464222 0.0 1.50979 0.0 1.50979 1.50979
0.999968756851325 -0.007434727471403468 0.0026851719947847646 -0.002768034160634336 -0.011157519315794421 0.9999339216916301 -0.0074042763387909254 -0.9999101132552586 -0.011177750299375445 -0.023163651055133648 0.14753496412467362 0.02294072203669778 -3.5851588364721465e-10 1.6565633988705946 -8.679252871957033e-10 1.6562656856660318 1.6543977554456717
0.999992481589663 -0.003865852163913269 0.00030323455271139693 -0.00028832979261781723 0.0038554659871590895 0.9999925260960466 -0.003866992381409608 -0.9999850951734572 0.003854322359831047 -0.02385672014031729 0.14619331718098888 0.022279553116604317 -2.810107702089226e-10 1.6572550897885048 -8.941434259668313e-10 1.657167051751391 1.65427288108115
0.9999780994184508 -0.0061135525098467616 0.0025347897688464036 -0.0026554864582703022 -0.019815841148907137 0.9998001204396963 -0.0060621015442538645 -0.9997849553355314 -0.01983164162636392 -0.02364749464220018 0.1446685866379817 0.025441763344976748 -1.8279688873690247e-10 1.6622814449095529 -1.3112178010032949e-09 1.6634392393238162 1.6597804744666433
0.9999696155372382 -0.007262923152173051 0.002831598416713467 -0.003006694320495454 -0.024211659087226525 0.9997023333740434 -0.007192203526806365 -0.9996804717065995 -0.024232760818764423 -0.02324371502287477 0.14234039182771446 0.019077874803143297 0.0 1.6757 0.0 1.6757 1.6757
0.9997326469569948 0.02283188819216722 0.0036523266476346378 -0.0025517379923552935 -0.04804861137482662 0.9988417390048183 0.022980932130334003 -0.998584015407082 -0.047977504435826226 -0.028522770339649606 0.13625930510223694 0.03110001182028549 -9.747314066999024e-11 1.6694510214469593 -1.4602932196794427e-09 1.6693134284952649 1.666711815096094
0.9997163606387547 0.023798743891941587 -0.0009044668977995357 0.0009061101900667209 -5.8265956938895365e-05 0.9999995877846157 0.02379868138210392 -0.9997167680869639 -7.981371477136512e-05 -0.028599247243599718 0.13697171733492117 0.021753965816496246 -1.0657164040139833e-10 1.669322389807724 -1.396195159486524e-09 1.66890409383881 1.6663161839727456
0.9999255083260123 -0.011957741336553578 0.002447492817984828 -0.0026916721972355083 -0.020446956344128138 0.9997873158212419 -0.0119051543353557 -0.9997194278388258 -0.020477619536019447 -0.02219737402835071 0.14823633671895187 0.023902112789678687 0.0 1.6698 0.0 1.6698 1.6698
0.9999966119722411 -0.0006370320443603822 -0.0025239322917735745 0.002549517049135256 0.04399861271472139 0.9990283389584081 -0.0005253635457167077 -0.9990313890310726 0.0440000877702581 -0.024309474342253955 0.14680643485034717 0.01770405718068696 5.040758921381894e-10 1.6601401220749583 -1.4386936086907554e-09 1.6596687437816904 1.65658901704486
0.9994798905476706 -0.03224579845555484 0.00039607168553679184 -0.0010458902701622613 -0.020137666664657793 0.9997966695757923 -0.03223126594409731 -0.9992770801250604 -0.020160918440735927 -0.019133247275393464 0.13490545096790446 0.028677555865311538 1.7251888806413263e-10 1.6743903714545247 -1.8822570169163555e-09 1.6752269299919975 1.6730060225916787
0.9999782028827402 -0.006581592326364987 0.0005257393414924874 -0.00040437770434397966 0.01842732474923464 0.9998301206611345 -0.006590162219391034 -0.9998085398440223 0.01842426163748043 -0.023594443460733076 0.13168673766211053 0.016266638417906265 -4.0614001051153537e-10 1.6758041983722602 -1.9205126378096793e-09 1.6759212691905132 1.6747048354334853
0.9999362852426826 -0.01021885019935402 0.00479588945532812 -0.005452088763513975 -0.06518575989319918 0.9978582521757592 -0.009884340300663975 -0.9978208214943951 -0.06523732067667495 -0.02277321496310995 0.14317493009008864 0.019152683509099377 -2.2710366920364322e-10 1.6625998217064204 -2.3275896765539983e-09 1.6629664064386587 1.6605091074967246
0.994431922750499 0.1053700495828413 0.001517783138410736 0.002372896058019866 -0.036788774657439 0.9993202466794626 0.10535426132361002 -0.9937523528073349 -0.03683396409352037 -0.04373976060652031 0.14981992420711415 0.03224069140740343 -3.192628383885676e-10 1.6434722860740365 -2.5534383496506052e-09 1.644613392639278 1.6414963888789398
0.9984607002144951 0.055463740520734356 6.0121783848478966e-05 -0.0015367898222142864 0.02658175881714485 0.9996454613387836 0.055442478337666176 -0.9981067996891094 0.02662607763343348 -0.033593470005398085 0.12788223423943995 0.020717475090927445 -5.078968356997393e-10 1.6714508889822133 -2.727955639159063e-09 1.6720052888497863 1.6700862440658746
0.9990577967625246 0.043343030245688495 0.002213697615150223 1.1298849567110969e-05 -0.051267175727720715 0.9986849736354497 0.04339952304283986 -0.997743984407836 -0.05121936135515237 -0.032447946287027955 0.14639694135877315 0.03672934218905308 0.0 1.66217 0.0 1.66217 1.66217
0.9989738865476345 0.04520399148081202 -0.0027880369646686165 -0.00014034721098891978 0.06464932829358493 0.9979080341663998 0.045289670992115325 -0.9968836760151061 0.06458933500226635 -0.0323720727929296 0.13989597665823086 0.03529442714437306 -7.785567746054767e-10 1.658981457232004 -2.5663133840225782e-09 1.6590598897160964 1.6564061688890206
0.9997427485257205 -0.021822612180440664 -0.0061814535394424525 0.008062933840673116 0.0872104437170746 0.996157280555913 -0.02119966669830286 -0.9959508582778035 0.08736396298009735 -0.021252930959388305 0.13008037252291238 0.013534410467813757 -7.760139197898752e-10 1.6730938638797577 -2.924556596894945e-09 1.6735568048001745 1.6723370144674448
0.9974650344946241 0.07081382974600675 0.006993316619604565 0.0009485368001426655 -0.1115013469684861 0.9937638300432109 0.07115198689128253 -0.9912380395953925 -0.11128586442359115 -0.03742364508412416 0.1415549240079405 0.01749480507909082 0.0 1.66682 0.0 1.66682 1.66682
0.9973443634177587 0.07251381769071959 0.006779896956681672 -0.00038869797367298287 -0.08779089591285369 0.9961388495128095 0.07282904415623893 -0.9934961020752602 -0.08752956922408008 -0.03710061707383911 0.13934428590139328 0.038685513881319605 -6.566622801074118e-10 1.6560422135801902 -3.2693954210571974e-09 1.6569063625898997 1.6539723855415467
0.9994050667419228 0.03197188333312231 0.012934884874101799 -0.01001854147003936 -0.08974922929313094 0.9959140046550718 0.033002142315100576 -0.9954510909720389 -0.0893755228526895 -0.029903147520585368 0.12661461452080508 0.029636949826405024 -7.485549957664261e-10 1.6801508132641834 -2.930640619069891e-09 1.679728785511199 1.6784379097969282
0.9996341710847657 0.027040409848375375 0.0005832965843941273 -0.00042698130481361174 -0.005786216438249864 0.9999831685514987 0.02704332979939455 -0.9996175948504317 -0.005772553923487203 -0.028786075459048682 0.12001400772301443 0.033711588315329166 -6.332765423167075e-10 1.6914018601721157 -3.1571572023381123e-09 1.691688097439572 1.6900023235179376
0.9984308354998881 0.054323410458634036 0.013595359470719225 -0.004638094012966075 -0.16172447840825693 0.9868250509424171 0.055806404712382185 -0.9853396166600225 -0.1612187490131275 -0.03421162229684033 0.13385299227883807 0.03348411586666819 -3.056062070072585e-10 1.662807017467621 -3.353784805426585e-09 1.6628990833400739 1.661076361047419
0.9998182087710245 -0.019065559471687032 -0.00023206018889708468 0.0003700208091988316 0.00723290811605678 0.9999737737184837 -0.019063380982933382 -0.9997920731243154 0.007238647890544835 -0.021209975646284993 0.14127237751127428 0.030674456582415133 -3.482147903355326e-10 1.6622492147608519 -3.5690908006813515e-09 1.661982724481474 1.6607603361412382
0.9969848970821785 0.07524413131512438 0.018958789325000995 -0.0076488330673848415 -0.14784041665284892 0.9889816512739855 0.07721794054975004 -0.9861447824262645 -0.1468191327814972 -0.03735088843110921 0.1285421317019722 0.027553830947886465 -2.3519941549920986e-10 1.6693907152140408 -3.154128513926935e-09 1.6686869638773008 1.666335338682261
0.9998445143423789 0.004738644060155125 0.016985063789212204 -0.016443832111164916 -0.09727162815018377 0.9951220180171435 0.006367693848817899 -0.9952465903531061 -0.09717858233975321 -0.02537181956343785 0.11240837392888284 0.022836949786246313 -2.816031852148626e-10 1.7043947374187276 -2.5219799582032465e-09 1.7040192121032494 1.7027084553292262
0.9915733879467334 0.12937018232903347 0.006750721442149048 0.012419363488778569 -0.14680173857933693 0.9890879682619832 0.1289495084378783 -0.9806694680034842 -0.14717139259853765 -0.04826930678897213 0.14984035147848762 0.0018766815932115266 -4.333875480710958e-10 1.6455503571836232 -2.366491003158444e-09 1.645986558284946 1.6431947591641194
0.9999599950372708 0.007442722546418786 -0.0049612706193494505 0.00470767414327572 0.0337120913445613 0.999420498439639 0.007605664285394425 -0.9994038727052608 0.033675704781116186 -0.025616568037436758 0.11179701290227576 0.011481323720140019 0.0 1.72403 0.0 1.72403 1.72403
0.9999628804785109 0.001832395727251114 0.008419025538508776 -0.008230013501781444 -0.08609922500360967 0.9962525735633201 0.002550400533211549 -0.9962848818383608 -0.08608094840000102 -0.024947932611852196 0.11115853604864928 0.07786362329266197 1.3379608532204657e-10 1.7062487359952225 -3.439601492516431e-09 1.7068286760731954 1.7050401033189964
0.9996910968269564 0.02475225123481058 0.0022443225538409106 -0.001619994615928183 -0.025214347783013596 0.9996807551830342 0.024800938336305436 -0.9993755864161812 -0.025166460477244707 -0.028258178475421936 0.11697678330577324 0.0011048257924652638 -1.5587175994369318e-10 1.6907315371759681 -3.5284157817727646e-09 1.6907760997082981 1.6894577921417584
0.9987803030109073 0.04905660906206835 0.005599591482577743 -0.002396871586590202 -0.06510331479234616 0.9978756502739435 0.04931694763504491 -0.9966719658495369 -0.06490632608291863 -0.032108255908057354 0.11943416839255497 0.04458939303635365 -3.2151437068250743e-10 1.6851426676650423 -3.6377079126737044e-09 1.6856471944121925 1.684024669716984
0.9992365778446739 0.038555568524434015 0.0063031446931534445 -0.001555134452992853 -0.12195745169102312 0.9925341110177852 0.03903643239460118 -0.9917861907249916 -0.121804387577428 -0.03070527876734596 0.11092044302510234 0.03764096267882111 0.0 1.71696 0.0 1.71696 1.71696
0.9992128727825297 0.038311500870255234 -0.010289011942491322 0.007592150085635574 0.06988462259263063 0.9975261895219406 0.0389357691944243 -0.9968191252309289 0.06953874783949238 -0.030353892847657757 0.11945484198773372 0.018523863540455904 -1.4245840063153992e-09 1.6904180900522494 -3.672042225844052e-09 1.6906541786772769 1.6888367887264746
0.9995570210297426 0.010536401054196209 0.02783425880047584 -0.02400843613393429 -0.2672428592599748 0.9633300831848636 0.01758853901122918 -0.9635716052413429 -0.26687151378157997 -0.027302449788785734 0.12268349667520312 0.053015376096258116 -7.790825762299391e-10 1.6764180464525609 -4.127807429199493e-09 1.6766326653006738 1.6740007649329893
0.9999984591502487 -0.0015017160361735457 0.0009091457940645226 -0.0008895437135195694 0.013002614361848575 0.9999150667590416 -0.0015134097627224998 -0.9999143347650854 0.013001258484713993 -0.02436120743720219 0.12015314468883413 0.005833360757315803 -7.457972017732573e-10 1.688929187506945 -4.377979756498007e-09 1.6895101709840024 1.6882533319540896
0.998042199033606 0.0619962922567617 0.008260066257476217 0.0020653136443936904 -0.16466413996203155 0.9863475328149377 0.06251002661744744 -0.9843994010344472 -0.1644698021379832 -0.03629207155894009 0.1580970663362778 0.02738090000781164 1.744124844549333e-10 1.6487164569844062 -5.291277638264091e-09 1.6492388493582055 1.6464220094800517
0.9992914528723604 0.02088125539638535 0.03131398073253555 -0.020425816398579322 -0.3979357201339411 0.9171858855575205 0.03161294419534831 -0.9171756297539487 -0.3972272472335567 -0.029732815735201316 0.11684561630333101 0.04598335230533018 0.0 1.68744 0.0 1.68744 1.68744
0.999677791287228 -0.025378238595487688 -0.0005085399492622544 0.0004531898251870642 -0.0021867111662851567 0.99999750645352 -0.025379287343655646 -0.9996755290093211 -0.0021745054293824187 -0.020219550403733928 0.12793462123937838 0.05464563198911421 1.7998669221697128e-10 1.679413403184526 -5.4998166021391626e-09 1.6794571605489912 1.6784307380535335
0.9999280005417013 -0.006696989659367934 0.009957111136159047 -0.010364685180311597 -0.06386293049754872 0.9979048548881694 -0.006047068197774248 -0.9979362086014154 -0.06392774459062268 -0.023698404403148098 0.11169096953367771 0.024432667970924027 1.5797851915522187e-10 1.7048274052472738 -5.515093270958005e-09 1.70508761894507 1.7037071470894443
0.9981326407217563 -0.05924724726280124 0.01486590789672193 -0.029059801911203165 -0.24650687160616608 0.9687052648581109 -0.053728571902619565 -0.9673283444326036 -0.24776826798156254 -0.015313873830057185 0.140243525283596 0.03950955805475542 0.0 1.67015 0.0 1.67015 1.67015
0.9990228831536708 0.04416038421852702 -0.0017718354886529092 0.0005583358952879619 0.027476570630212853 0.9996222918319853 0.0441923884436541 -0.9986465333300241 0.027425066482511792 -0.03160846693029534 0.12364756877159509 0.026013747938045978 3.377165214146771e-10 1.6828524995279812 -5.368149480489137e-09 1.682736963743329 1.6814705404735797
0.9996125358917346 -0.01889515630015612 -0.02043896172725962 0.023287869324903177 0.16551384818269224 0.9859324729422714 -0.015246416969306148 -0.9860264393656741 0.1658897454378922 -0.022080798555681125 0.11630461555777519 0.06534815960153764 1.0346479228928729e-10 1.6973408691111977 -5.572281303045656e-09 1.6977764806354525 1.6965447158004743
0.9973100141447208 0.07035869075288449 0.02055213668202949 -0.0068436448294769605 -0.18978319189137838 0.9818021718253471 0.07297876548767337 -0.9793017893943933 -0.18879116789944106 -0.03631719784153046 0.12880843331474304 0.03507351467462741 0.0 1.67273 0.0 1.67273 1.67273
0.9994528878448382 0.013689725122980527 -0.030108410862594748 0.02577851666432357 0.24790802626940875 0.9684405395220677 0.020721801495062354 -0.9686868441025013 0.24741949196766178 -0.0276794982851051 0.11527122167317513 0.007980687005948783 1.2891643308421408e-10 1.6880179280178966 -6.096086302420645e-09 1.6884686494686934 1.6871578003854921
0.9995618869085983 -0.02851462681562388 -0.007934122338867873 0.013545529504825238 0.202365341714534 0.9792164148456631 -0.02631639926274729 -0.9788948792032398 0.20266292852793294 -0.020527721257407643 0.13301889454363242 0.023145091558885944 1.6285728321463466e-10 1.6694116760730129 -6.426833287775935e-09 1.668905540247974 1.6674689763075872
0.9985677316040186 -0.05120328505144029 0.015514799358863435 -0.02792893956436719 -0.2515308051210153 0.9674462405787642 -0.04563397565427278 -0.966493909797219 -0.25260059895192344 -0.016347693338677447 0.1358015703236358 -0.0003772554449417431 3.56586760119626e-10 1.6594900599267435 -6.867659330112019e-09 1.660564832378471 1.6589007916044878
0.9891915867619088 0.14662566158066873 0.0009591900168131884 0.004372795758571191 -0.03603796558650544 0.9993408546104977 0.14656358120867194 -0.988535371346123 -0.03628961643324402 -0.0523049311400334 0.16619018760390633 -0.024109678278603955 8.656622085823074e-10 1.6457583322595557 -7.265277268686532e-09 1.6458723601337404 1.6438200472976296
0.9996047543397466 -0.027376634780942134 0.006391789221013577 -0.008796075009064458 -0.08862330125433858 0.9960263749214763 -0.026701388836722878 -0.995688922476721 -0.08882908021214939 -0.019486210713598774 0.14913955374739238 0.04389615639497302 7.917346778185674e-10 1.6507423226580071 -7.051956352199795e-09 1.6507442902400422 1.6494409208703544
0.9815943509885829 0.190926171448011 0.004441527159349007 0.007546989653121838 -0.06201838563019766 0.9980464732621419 0.19082864841128588 -0.9796432600186809 -0.06231781483246183 -0.06088600586789725 0.1703464827195628 0.024067442180806975 1.1711600578223624e-09 1.6511111753074674 -7.2662231787035125e-09 1.6513456285888664 1.648445070448509
0.9977275104650556 0.06713881402554461 -0.005674020835873678 -0.0014432779637570947 0.10548823679226396 0.9944195034527323 0.0673626885591863 -0.9921515063485531 0.10534541584888961 -0.03678391008339617 0.1479220137332005 0.04445769991264251 1.0852989618115316e-09 1.6497324655747239 -6.8339351955160055e-09 1.6496572239594727 1.6464349300646717
0.9997930704180549 0.007394196600754722 -0.0189510474820812 0.01721846110013716 0.18847740567983737 0.981926571666915 0.010832402382748348 -0.9820496898858161 0.18831108744253705 -0.026355207402588683 0.12319993155904754 0.03723231411306069 4.204814274544333e-10 1.6848207629165293 -6.640710203953404e-09 1.6854047556559877 1.683392711764217
0.9990781986908811 -0.04270502045801736 0.004362811967610264 -0.007225574426214881 -0.06711277608170163 0.9977192322295979 -0.04231481980105349 -0.9968310571577751 -0.06735947974054335 -0.01683387227869182 0.15394215046452406 0.04952730050054874 8.471046086810929e-10 1.651084159910825 -6.647478123511519e-09 1.6503691995921272 1.6490450978402889
0.9693104257697863 0.03725915897123822 -0.24300011021962842 0.23433237241875787 0.1588464201770237 0.9590913168377353 0.07433463345300156 -0.9866000050018753 0.1452404640577394 -0.034361868111356164 0.13877537104522966 0.1000137028586161 0.0 1.63716 0.0 1.63716 1.63716
0.9995303511518885 0.02780689506696235 0.012878420435647658 -0.009550659009916446 -0.1166520904499278 0.9931269177230764 0.029118070654812755 -0.9927834942123066 -0.11633173075710918 -0.028756584698183183 0.12243827119728931 0.06847388876338772 -1.6365646615668084e-09 1.6714865013908957 -6.568768640136113e-09 1.6716081938311378 1.6704467538708458
0.9995896261445133 0.028283867266223745 0.004538959874099673 -0.0014599512243160927 -0.10794427418183289 0.9941558742037285 0.028608527517065028 -0.993754525284702 -0.1078586836072154 -0.028976192384780098 0.11135100537392288 0.07040010792903006 -1.9964296882335475e-09 1.69163916962252 -6.8331118541209435e-09 1.6921751691466538 1.690518076891764
0.9994659002950591 -0.01697568872416983 0.027923827454823552 -0.03176354082765635 -0.30381490252506327 0.9522014400733576 -0.0076806003330777885 -0.9525798291985961 -0.30419184305713587 -0.023378038918736094 0.12327191844809005 0.09329398198395528 0.0 1.6887 0.0 1.6887 1.6887
0.9973785185237516 0.06870602718162268 0.022706224174989506 0.005490961677740824 -0.3847483383679593 0.9230051817096954 0.07215220112526248 -0.920460861716571 -0.3841169898881944 -0.03657485825132615 0.11363812753963701 0.08616271576400952 0.0 1.68333 0.0 1.68333 1.68333
0.9993154761271758 -0.008837020222160494 0.03592333846274984 -0.036838347669590744 -0.3267779043255299 0.9443829400119367 0.003393422120885191 -0.9450598437761537 -0.3268797582722147 -0.025445690041671406 0.11711208538605436 0.10201250399956836 0.0 1.69513 0.0 1.69513 1.69513
0.9993441015508921 -0.02925415916455026 0.02134387188434715 -0.0347078694720684 -0.6056117423587623 0.7950030071099694 -0.010331045065729473 -0.7952223661899602 -0.6062298720939859 -0.022512087009007045 0.11755270487067261 0.12584908053905974 0.0 1.66361 0.0 1.66361 1.66361
0.9955891391706586 -0.0929757206708309 0.0125611038992067 -0.06800174461485342 -0.6228740415208899 0.7793610787874701 -0.06463767241139855 -0.7767776025125677 -0.6264491420219717 -0.012649675942703817 0.10999159828966813 0.15703155000571578 0.0 1.66333 0.0 1.66333 1.66333
0.9996149631524467 0.004331480536599236 -0.02740736612835659 0.025657240723772623 -0.5203954737528426 0.8535398390795811 -0.010565578080498489 -0.8539143921810406 -0.5203062361589655 -0.02240180914207833 0.09591588489408892 0.16826686216706252 -1.3824088540559387e-09 1.6676854496208273 -9.126471134379699e-09 1.6707768145840491 1.6685324006258435
0.32338876297377606 0.8959027785142638 0.30459468057192507 0.6216260984056415 0.04155631512011567 -0.7822110114634141 -0.7134428510842832 0.4423022542606581 -0.5434777034181526 -0.4399205196660252 1.0442430540424594 -0.3451545645634564 0.0 1.50554 0.0 1.50554 1.50554
0.9999585793603145 -0.009028323205206999 0.0011527982495439393 -0.0012376051922199953 -0.009393485636456398 0.9999551143731331 -0.009017089169461555 -0.9999151223017383 -0.009404270051948264 -0.022797739312258144 0.14914318224489154 0.0227724494384991 0.0 1.66692 0.0 1.66692 1.66692
0.9999883438757888 0.004824869790826056 0.00018095319412449835 -0.00013665992091905273 -0.00917895057550825 0.9999578632074444 0.004826327446713921 -0.9999462323034344 -0.009178184218196156 -0.025358552029636265 0.1465088620665035 0.025400839247317147 0.0 1.67194 0.0 1.67194 1.67194
0.9999638032193284 0.007838361552580369 0.0033094318707401656 -0.0032091481919501834 -0.012772166010078138 0.9999132828117113 0.007879950445157876 -0.9998877096272273 -0.012746549234982054 -0.026057242574993644 0.145101198828114 0.021607089921336753 -1.0769696245915839e-10 1.6569559753418153 -8.54947224127045e-10 1.6570584175686474 1.6551160364582378
0.9998868275751216 -0.014867137754558486 0.0023022286476300155 -0.002660324918504986 -0.024111747569307916 0.9997057298527812 -0.014807252043744248 -0.9995987154074084 -0.024148570201402743 -0.021681184200869084 0.149303386779918 0.023300832315461872 0.0 1.66923 0.0 1.66923 1.66923
0.9998074554722624 -0.01958278844594362 0.001251550542834809 -0.0016888876978260314 -0.02233215582624549 0.9997491797818572 -0.01954992686492675 -0.9995587972764952 -0.02236092902234405 -0.02084790061704517 0.1491917440692777 0.02476157475636684 7.487841457987088e-10 1.657319775707788 -1.0638654401873282e-09 1.6565544245311186 1.6548453423199767
0.9998388587891726 0.017464332853449994 0.004153737250834601 -0.0034377929418171298 -0.040826667474511226 0.9991603298783508 0.01761925182447473 -0.9990136036615865 -0.040760049855663213 -0.0276760394798989 0.14108048832118086 0.026004235327131697 6.991989209836902e-10 1.6618570310190064 -1.0132321648370635e-09 1.6619729977347708 1.6602932814892215
0.9998372807038232 0.01788336499273306 0.002365876438248579 -0.001964981789318067 -0.022401606753553956 0.9997471214569346 0.017931842107045733 -0.9995890922130932 -0.022362821093327337 -0.027776838177088727 0.14348584812144294 0.025408630874835886 0.0 1.6761 0.0 1.6761 1.6761
0.9995715153646431 0.029265196504610232 -0.0005778798992139757 0.0004738494478780369 0.0035615601801613113 0.9999935453570608 0.0292670657622542 -0.9995653373154901 0.0035461668091404646 -0.029659526002132817 0.14008042589855116 0.02938916147405954 1.0691802998508138e-10 1.663304516834632 -1.5371082184856277e-09 1.6643568024548463 1.6611928720040599
0.9999947548328372 0.003197349116413961 -0.0005169772158066972 0.0004902292595296634 0.00836079986152644 0.9999649277354423 0.00320155932117419 -0.9999599361895971 0.00835918857364375 -0.02510956308884254 0.13725567908547245 0.01718514133022947 8.712319754522468e-11 1.665321827678513 -1.4779972801193253e-09 1.665106126482768 1.6632880942864636
0.9992846000385449 0.03731463198030966 0.006156814596800196 -0.0032545165382969754 -0.07734632305099122 0.9969989741381852 0.037678856775481814 -0.9963057585654443 -0.07716954840756146 -0.031173979315832493 0.13422142172980905 0.020493069983557377 0.0 1.67562 0.0 1.67562 1.67562
0.9988401050874081 -0.04791906677644523 0.004712484297100052 -0.007013848301249584 -0.04797193347882691 0.9988240583457679 -0.04763664976657038 -0.9976985800518999 -0.04825238814234505 -0.015823249978752126 0.14824326928887183 0.023685691058994957 3.446389840178199e-10 1.6580347482515165 -1.417052253316342e-09 1.6582729040189008 1.6556713038249997
0.9998809292249893 -0.013764737171917113 0.006975627768171247 -0.008108177227021951 -0.08401743883142052 0.9964312958926288 -0.013129540518511722 -0.9963692096721959 -0.08411904173833773 -0.022344755222717644 0.1330490840613991 0.025886933780005977 0.0 1.68569 0.0 1.68569 1.68569
0.9988883074898622 0.04713759223208229 0.0004433492981497783 -0.001273519846979404 0.017583072149007017 0.9998445947851106 0.04712247136173552 -0.9987336396519166 0.017623555838640136 -0.0323169277479302 0.12877327515667353 0.014475439187033812 -1.1242828890090095e-10 1.672309407151948 -1.804847826747391e-09 1.6727917132331838 1.6705479151269076
0.999897477045899 -0.012880217096003507 0.006255829665650844 -0.007246046999815389 -0.07832619904329771 0.9969014501676212 -0.012350311741906947 -0.9968445749217826 -0.07841149946843377 -0.022295579960916873 0.13902042769013495 0.027943050916751005 0.0 1.67964 0.0 1.67964 1.67964
0.99815729431743 0.06059015020654225 -0.003293857746760607 -6.9218534181686095e-06 0.05439646545742527 0.9985194161846964 0.060679615629922974 -0.9966794159827359 0.05429664817755348 -0.03511201934072884 0.14110828686074095 0.015879987428901787 1.9468338052774925e-10 1.657299267548816 -1.7896679693762962e-09 1.656198134578907 1.6543208962534637
0.9989476769902285 0.045746464121984215 -0.003286283031369963 -0.0006374999138747048 0.08549467565579258 0.9963384234427429 0.04585991964325785 -0.9952878585890852 0.08543387100832486 -0.03255429123343649 0.13828216306602806 0.013817236937352734 1.1146639167236572e-10 1.6616519051869227 -1.7897674453593027e-09 1.661888094395053 1.6585820965686802
0.9998466631643976 0.017191223453718978 -0.0033334659416095064 0.0022207553665940932 0.06434302893654767 0.9979253693903529 0.017370043310864586 -0.9977797534844226 0.06429498527835431 -0.027659819813547246 0.13900197090615965 0.024573935618125514 -1.7709123056874887e-10 1.6644916826233356 -1.7694166132287137e-09 1.6649615408248009 1.6617807972422511
0.9991933964559208 0.038560464125972554 -0.0112092410657832 0.007480236186034488 0.09552438372949898 0.9953989844176558 0.03945380267455086 -0.9946799398396898 0.09515889204393141 -0.0309084860614203 0.12668172583537973 0.02646088577076769 -5.406279868225283e-10 1.6759918077367697 -1.8471766338734597e-09 1.676856383129122 1.6745737827358669
0.9961626676926425 0.08735801288771919 0.00534013855502815 0.005136957251163463 -0.11927004271320846 0.9928485627634202 0.08737019609499298 -0.9890112408337423 -0.11926111830275596 -0.0400993004066858 0.14507983025199117 0.029753479823571044 -4.46807035814345e-10 1.655360781380164 -2.0780017706556464e-09 1.6560728705929195 1.651896203368814
0.9985767256477234 0.053135902166665444 -0.004593353416202234 0.0013143197217793529 0.061581385452829214 0.9981012000440532 0.0533178727852164 -0.9966866653400379 0.06142390068218437 -0.033920554118333716 0.13657015103291278 0.028036968728596512 0.0 1.67357 0.0 1.67357 1.67357
0.9918347142685382 0.12750336628685144 -0.0026059849132575464 -0.005006295542020594 0.05934570242629053 0.9982249368796974 0.12743169376883082 -0.9900610987151506 0.059499447343280054 -0.04750480169345539 0.1494513245004287 0.026252246767839743 0.0 1.65699 0.0 1.65699 1.65699
0.9978714765343881 0.06511301024889356 0.0035794155120185966 -0.0011555708070414075 -0.03722483612295351 0.9993062474695779 0.06520108108912083 -0.9971833369405783 -0.037070359491960046 -0.036612687341480474 0.15236438264484578 0.022446995576822115 -2.5365931577425727e-10 1.6471522402076904 -2.621668215851969e-09 1.6482256542720828 1.6445244840973237
0.9976406410706399 0.06865234616810229 -8.154616840858053e-05 -0.0002413747661460311 0.004695404622559261 0.9999889473957462 0.06865197027314508 -0.9976295948602595 0.004700897421737758 -0.035686832410164196 0.12614249599812993 0.04241571821692433 -5.462519325760695e-10 1.6727159776284024 -2.791075814911892e-09 1.6733444069758354 1.671183440788611
0.9999722220033718 0.004931866749181607 -0.00558855187036808 0.005314116892974445 0.05400548429930565 0.9985264983100074 0.0052264120854828965 -0.9985284594622057 0.053977775618739156 -0.02526502112409821 0.1115309948110955 0.038229765699989426 -9.213785290285159e-11 1.7100571197300907 -3.2068712130239874e-09 1.7093044855922992 1.7075359125320055
0.989278146262728 0.14604226761262282 0.0006367083660154711 -0.0009293228953249251 0.0019354118312061384 0.999997695267344 0.14604069873133488 -0.9892764579487408 0.0020503810516081405 -0.0517962765574986 0.15805575247720036 0.015292462616032149 2.1898216573390528e-10 1.6477496752435021 -3.093105327423018e-09 1.6474916063012293 1.6443007685918314
0.9998606549757848 -0.016684775331162843 0.000537497481840731 -0.00019298447310607536 0.02064309211602087 0.9997868900445146 -0.01669231524946449 -0.9996476784447799 0.020636995701273916 -0.021353708026801442 0.1298652126115396 0.028856892458782535 0.0 1.68927 0.0 1.68927 1.68927
0.9999127347232329 -0.012165160133632917 0.005150904505887732 -0.006242717541374482 -0.09148841549226375 0.9957865726692712 -0.011642655023847488 -0.995731830720319 -0.09155637538892468 -0.022572454057270763 0.1325014719346498 0.014146597413619844 0.0 1.68405 0.0 1.68405 1.68405
0.9993589296953649 0.03564690833352518 0.0033207776794097754 -0.005033355123202056 0.048061119615074144 0.9988317146134025 0.03544566227817656 -0.9982081079151817 0.04820973260716829 -0.031247516241165472 0.1293353887345703 0.055048380249800105 0.0 1.68812 0.0 1.68812 1.68812
0.9978599833414901 -0.06383516440973482 0.014160700212324389 -0.029121393734443245 -0.23996679872567353 0.970344206937062 -0.05854398408619562 -0.9686800334961665 -0.2413122347357901 -0.013922281772969992 0.143763415131298 0.030174913871595765 3.630535871934626e-10 1.6542944616296449 -3.677856241779409e-09 1.654629160638974 1.6528882092516666
0.9999813720134498 -0.0005727794601378278 0.006076804241410799 -0.0060758895414051856 0.0015853860644357495 0.9999802848643105 -0.0005824022484737018 -0.9999985792363489 0.0015818763871540895 -0.024745938577459232 0.11120319927922336 0.054238274302623596 8.232374781869112e-10 1.716123766380882 -3.6109764067759897e-09 1.7160017380045156 1.7144856414467649
0.9993372764798983 0.03621277826733965 -0.003693579280286624 0.002781944451478369 0.025192541363055515 0.9996787467205351 0.036294195442359074 -0.9990265114349225 0.025075103735789646 -0.030198248960874065 0.12275380972282204 0.014158490566037102 0.0 1.69334 0.0 1.69334 1.69334
0.9999257182840557 0.011579584720235766 0.003804094086902937 -0.0030672925692412784 -0.06299499675145168 0.9980091292671521 0.011796170158564382 -0.9979466637060276 -0.06295479940082979 -0.026496249295104024 0.13932041305708534 0.030883067665473413 6.585967327055187e-10 1.6641212650191708 -3.5817651067304723e-09 1.6645442275043134 1.6622643634425973
0.9995628605626548 0.0228361877235811 0.018777548137501987 -0.014627517560346692 -0.1699581776096401 0.9853427087027294 0.02569286892942455 -0.9851866454605762 -0.16954984545056953 -0.02828840577287635 0.11357938227896403 0.01857632015334934 5.755742549240495e-10 1.6980316701954496 -3.4479725741221046e-09 1.6982225603449281 1.696910979052193
0.99979964335565 -0.0011301331542429448 0.019984892918625076 -0.0199871192386196 -0.11073396542451569 0.9936490849217864 0.0010900506669103962 -0.9938494411632056 -0.11073436724489702 -0.02469267182131878 0.11424157305571 0.023466112338667106 1.5346941495408828e-09 1.696973437680093 -3.828533934324696e-09 1.6966830154590893 1.6956755160006054
0.9994068242601746 0.032757686116929204 0.010627023217131819 -0.007405197864997659 -0.09695018616546236 0.9952616864157198 0.033632761807097386 -0.9947500165381988 -0.09665010051976211 -0.029456674888958975 0.11603442523342822 -0.0061066389573739 1.4860388475312902e-09 1.6950694789680831 -3.742194110145647e-09 1.69534831399862 1.6938960647793602
0.9998330044945966 0.005984901396907291 0.017266849121288258 -0.01622788389423388 -0.14371646215210482 0.9894858434009038 0.008403505674615768 -0.989600808135155 -0.14359533986388545 -0.02549081968486288 0.11860975377611241 0.02129617759796082 1.2749330480232857e-09 1.691138164982239 -3.792459679630156e-09 1.6912246537309743 1.6904976962115086
0.9999950413689688 0.003122268657246489 -0.000410701723994239 0.00038512304112978124 0.008188530671634685 0.9999663992583363 0.0031255267903677365 -0.999961598964616 0.008187287610131884 -0.024999022051843747 0.11208538857105466 0.040612691711161955 1.3462120307394798e-09 1.7099342630850751 -3.6870746455974768e-09 1.7095139542768818 1.7083905535624808
0.9997373016124458 -0.0011801057337219594 0.02288962898613533 -0.022866186709457267 -0.11976683572925159 0.9925386856766695 0.0015701178407780915 -0.9928013458944643 -0.11976235769266723 -0.024846921967262042 0.11350842427439967 -0.006742037654245636 2.1960770979490007e-09 1.696729484318909 -3.497000911067971e-09 1.6959621230370274 1.6950383837675247
0.9997921010677295 -0.008728138513677718 -0.01842754027701239 0.019410120270411477 0.1305969319580917 0.991245523870964 -0.006245148009696837 -0.991397125757998 0.13073919521366714 -0.02340102144482756 0.11539789048835153 0.030705774480228987 0.0 1.71102 0.0 1.71102 1.71102
0.9995903704615531 -0.02794236766444332 0.006189941020703044 -0.00866669292300087 -0.08940632601347297 0.9959575278607772 -0.02727599153675475 -0.9956032005563649 -0.08961187046150315 -0.019703363521804282 0.14091127840067064 0.03155247580775705 1.0648593118389726e-09 1.6618545093455994 -3.6286174065480736e-09 1.66209101368612 1.6607085131994213
0.9989634927209639 0.04550162532418817 -0.0012418951607405249 0.008756754328685473 -0.16533304410566527 0.9861989169434233 0.0446683273064945 -0.9851875895582582 -0.16556012175650436 -0.03324058339698424 0.16541885605001308 0.035868563562650946 0.0 1.66514 0.0 1.66514 1.66514
0.9662821433970067 0.1151447351869909 0.23030525246030395 -0.2499989666356736 0.2054294731745968 0.9462025408084165 0.06163875431238028 -0.9718746943458941 0.2272888964663533 -0.031929786228040206 0.12944899602861715 0.05374178975264901 1.809438820998821e-09 1.6256538363657267 -3.74067443686954e-09 1.6228800871944218 1.6219308242866246
0.9994384772272648 -0.033504769912467085 -0.00040078767303208807 0.0009419931804623694 0.016138864246199466 0.9998693163157328 -0.03349392312784779 -0.999308244464117 0.016161363171169646 -0.017633717956615884 0.16976105951038595 0.06084422101859832 1.5809789033482957e-09 1.6538381242341966 -3.6406042625003465e-09 1.6539883168682348 1.6517690199683202
0.8969450846689611 0.12670007784911164 0.42359958139877757 -0.4407778038890532 0.3314365748855685 0.8341850660536104 -0.03470508157221264 -0.9349314879183138 0.3531269887900301 -0.022412744241637955 0.13929323914366593 0.04109927964108889 3.4977780671852088e-09 1.6708827597544946 -4.040717094255797e-09 1.6735269668851043 1.6701458813169987
0.7082320840125775 0.07557328444103446 0.7019230683301383 -0.7035189636649796 0.1584910217035557 0.6927782212245966 -0.058892978689778025 -0.9844639529805839 0.16541566534910723 -0.01895130804937123 0.1581640094947822 0.06025388726874134 4.996389968425774e-09 1.6352290415213044 -4.318050805807161e-09 1.637885634761882 1.635290734421572
-0.12047045433207408 0.5286544725574385 0.8402447966384796 0.17986303613482596 -0.8207770713517728 0.5421939573395935 0.9762869239446904 0.2164473325966924 0.0037939881906613386 0.08918656872430594 -0.25502455501831367 -0.8590038682277155 0.0 1.48531 0.0 1.48531 1.48531
0.9997377366052739 -0.0224524526014723 0.004510585277194331 -0.004579268208112869 -0.0030085650197343816 0.9999849893069397 -0.022438545185514358 -0.9997433850287287 -0.0031105917856511347 -0.020236658825093047 0.14828306997605165 0.023233471594341415 -2.0338397632713168e-10 1.6571326943375757 -1.0368310654484958e-09 1.6566080581584695 1.6547739406252484
0.9997319442648038 -0.02295937676095509 0.0029843986435836253 -0.003007453753597596 -0.0009697059648863494 0.9999950074336681 -0.022956368145577385 -0.9997359284776607 -0.001038495293461004 -0.020154047161906087 0.14924948322720677 0.023717626003398884 5.014513249079755e-10 1.6575917848197337 -1.3078782501452224e-09 1.6567217441133604 1.654847334497246
0.9995502255326162 -0.02987229971636371 0.0026443047010451847 -0.0028459852790946637 -0.00671092562224058 0.9999734315696011 -0.029853760324076585 -0.9995311947042715 -0.006792923344488659 -0.01898329981090424 0.1494514931574451 0.020493211454684246 9.883951435085692e-10 1.6516070325527226 -1.4858985153409776e-09 1.650789768953893 1.6495095734609793
0.9999998286849269 -0.0005826662949512255 -5.594734854940525e-05 5.942104673362092e-05 0.005963418430207673 0.9999822168967634 -0.00058232229588689 -0.9999820489091867 0.00596345203122535 -0.02440368624041971 0.14651789207827468 0.02410509929263338 1.114403680446685e-09 1.6578234447894884 -1.57382817889129e-09 1.6578064096829532 1.6552563984930329
0.9989880687573918 0.04489894902251752 0.002631132275280239 -0.001728075639282848 -0.020140064368206537 0.9997956749065428 0.044942766213947764 -0.998788497222469 -0.020042095227808993 -0.032523740484369845 0.14051442262965977 0.02175039743501575 9.598988270909103e-10 1.6595291695161718 -1.6828778370836517e-09 1.6605022312645001 1.6575289244614408
0.998874495845749 0.047410876950017104 0.0013965298890242454 0.0004426952698128473 -0.03876066895465611 0.9992484248489389 0.04742937454572522 -0.9981231483584668 -0.03873803223168955 -0.032943775436025675 0.14500202612313287 0.02049135408423461 0.0 1.66912 0.0 1.66912 1.66912
0.9976613825770966 0.06833836547404683 -0.0012780918166518957 -0.0012268061073743624 0.03659981615733401 0.9993292492487269 0.06833930538958598 -0.9969906324843705 0.03659806111372494 -0.0370208708030162 0.14767473656862892 0.028522051899371154 4.590106073010247e-10 1.6535437447135282 -1.549005368417511e-09 1.6549813346413975 1.6500179514232194
0.9997600774957887 0.021902024018118922 -0.00029797571138959547 0.00010741693512884842 0.008701171452585713 0.9999621383217241 0.021903787508485456 -0.999722256909019 0.008696731197448088 -0.028207495209376477 0.1501650508266762 0.026550185404853516 0.0 1.66875 0.0 1.66875 1.66875
0.9999159680083778 -0.01221534569396906 0.004340766227918519 -0.004896676461918694 -0.04585351864872179 0.9989361728294549 -0.012003311272140618 -0.9988734855611637 -0.045909480081960705 -0.02258150822310082 0.14546836172223634 0.028972166121110116 5.38523003967839e-10 1.6581205339715765 -2.158144774000448e-09 1.6595861921887618 1.6564397437402105
0.9999070655729602 0.013549343705155896 -0.0015084768581234698 0.0012000042591991944 0.02274595461959234 0.999740557113805 0.013580140170478563 -0.9996494569765958 0.02272758146717675 -0.026846485537767986 0.13853833071053476 0.027100268442297737 9.272813628058429e-10 1.6670914623479884 -2.539270127499549e-09 1.6666860244791186 1.6642892880075433
0.9984733168601508 0.05523617559670496 2.058490904326138e-05 0.0005435276677867446 -0.010197695673292682 0.9999478544307343 0.05523350519352229 -0.9984212397121793 -0.010212149412942491 -0.03448188315739574 0.14636216393963863 0.03556233307772169 1.153718898194711e-09 1.6560308038281342 -2.647110086684279e-09 1.6552011548549954 1.6519722591491037
0.9948529364850133 0.1013229776659567 0.001135325526173618 -0.0008887534199876757 -0.0024786346233548057 0.9999965332378721 0.10132544046045298 -0.9948504965909742 -0.0023758257905940015 -0.04297508577933733 0.14715259147395043 0.014984330175997762 5.812044179265285e-10 1.6502040308007775 -2.5404531811545894e-09 1.6518943125229182 1.64751804520154
0.9999868134357083 -0.0003968746882531833 0.005120102067327044 -0.005135307924935015 -0.08496362148402882 0.9963708203459367 3.9588055298648325e-05 -0.9963839749387786 -0.08496453917950345 -0.02449371149349404 0.14776920594114484 0.01545682477794863 1.6403856051283583e-10 1.656168759318331 -1.9841177589796644e-09 1.6553797361954237 1.6530962056650944
0.9970273438198278 0.0770461589683053 0.0006042051053331554 -0.001963560089003988 0.01756885006661743 0.9998437277590503 0.07702350360348166 -0.9968727225155513 0.017667908678649605 -0.03864818444560823 0.14791546320421234 0.02317790546682852 -4.0737191397965944e-10 1.6527998037690272 -2.0262671540649535e-09 1.6538031219353515 1.6502488095114742
0.9995408246159563 0.02753597713596305 0.012645548197748213 -0.00970182737064694 -0.1045288176838784 0.9944745350280622 0.02870565226090531 -0.9941405817271408 -0.10421367132721959 -0.029134372162293996 0.12687803715071086 0.024769307481878083 -2.3030111151456367e-10 1.6776741556432677 -2.1395392124645696e-09 1.6771016408747563 1.6760339038114367
0.999841114921448 0.017537089992769518 -0.003193021644378548 0.003240977426728943 -0.002706794936164117 0.9999910846235045 0.017528290788191528 -0.999842549472545 -0.0027632021796351186 -0.027928937953801535 0.13238878624079586 0.04648674001684139 -2.950057975681375e-10 1.6684985383311428 -2.10156692048713e-09 1.6685367619228622 1.6676983598459074
0.9990959284248986 0.04149340371904578 -0.009253283341505686 0.006568068862149293 0.06438975993915713 0.9979032113819454 0.042002217515411874 -0.9970618116560206 0.0640590154545169 -0.03151839545282655 0.13132071777807236 0.04167101480770932 0.0 1.68432 0.0 1.68432 1.68432
0.9991456897318972 0.03792550999700706 0.016417867755536428 -0.011828485836017366 -0.11821110212277014 0.9929180340077156 0.03959769706685608 -0.9922639724520823 -0.1176615118065996 -0.030721530310164682 0.12383374726412091 0.010029049703071558 0.0 1.69363 0.0 1.69363 1.69363
0.9998716172784522 0.0057678365243260185 -0.014949281681769663 0.014438285248569327 0.08027911096812851 0.9966678485138605 0.006948732262304283 -0.9967557355761718 0.08018552684837367 -0.025586321047468975 0.11176283935876354 0.04342773671114997 4.325242386471473e-10 1.7020684553400587 -2.9990649963451688e-09 1.7020050260462511 1.700998001962759
0.9996039943254156 0.028139798160254845 7.92980105958907e-05 -0.00010277404405212298 0.0008328191317142075 0.9999996479248329 0.02813972221203037 -0.9996036505394496 0.0008353813714678856 -0.028770233996095705 0.11671042302237879 0.020637832259600836 1.6151879833614657e-10 1.691144149058002 -2.7617694797754666e-09 1.691120872898912 1.6902327395727905
0.9991819395752506 -0.03063409489472639 0.026400830604754927 -0.03216099333719445 -0.20613686509392803 0.977994510903212 -0.024517792196790518 -0.9780435292353958 -0.20695345560431308 -0.020634242632216165 0.11671079138514165 0.04047077870754723 7.097256116139761e-10 1.6920767655314721 -2.96114954778659e-09 1.691706934322803 1.6910780566382098
0.9997812556720549 -0.017571299340055593 0.011344172350221698 -0.013896772482494865 -0.15273597800118902 0.9881693178492188 -0.015630755624062007 -0.9881108087980431 -0.15294675222147863 -0.021987961271047664 0.12456610704136839 0.0061056665426958145 4.178604129378982e-10 1.684694471704768 -2.989186675961264e-09 1.6848970383710276 1.6838955372992075
0.9999254474221425 0.009372346956482955 -0.007826794372908827 0.0073091712642060075 0.05404411236545679 0.9985117975938292 0.009781391161741657 -0.9984945633458188 0.05397157914850943 -0.02606227782256214 0.11200397501086544 0.014468455235542271 4.618803117750758e-10 1.7099112371898189 -3.570452378198752e-09 1.709833103494386 1.7085995876943478
0.9999053741911681 0.013711204112333947 -0.0011160400575363806 0.0021210530327997953 -0.07350439725792111 0.9972926374529103 0.01359204906009981 -0.9972006350105977 -0.07352652403594369 -0.026437933753170495 0.1106507942106067 0.04324178596275638 0.0 1.72458 0.0 1.72458 1.72458
0.999267800790768 0.037544076059286245 0.00736916926365358 -0.003587973617464435 -0.09980224241602174 0.9950008235444099 0.03809184621545962 -0.9942987251131261 -0.09959446013865236 -0.0316632852795762 0.14908765018619202 -0.002297610483786572 9.86242199019216e-11 1.6451794755092433 -3.994020225661643e-09 1.6463956228844765 1.6432258544869986
0.9998258853011622 -0.017480011116633987 0.0065305660634812635 -0.007978378151760113 -0.0840821784108352 0.9964268827945962 -0.016868448767289115 -0.9963054935535841 -0.08420700060644905 -0.021839138634681135 0.1364681991423009 0.022159092408891717 6.090923321266928e-10 1.664030711768353 -4.412189724689597e-09 1.664219581098604 1.6627142830079684
0.9964949730443394 0.08364520977480543 0.0011169508002403933 0.0001746132958912877 -0.015432073755882668 0.9998809032128726 0.08365248476619364 -0.9963760986602005 -0.01539258948715086 -0.03966790342699557 0.14675786001820867 0.01698535453616737 5.086775445306557e-10 1.649711202891579 -4.488278193548467e-09 1.6498327262290768 1.646955116319826
0.9999713417996521 0.006953513356271309 -0.0029940326329896544 0.002606972704532251 0.05502097518782059 0.9984817955189266 0.007107691096345877 -0.9984609861889375 0.05500127076616994 -0.025709395715894916 0.13054180138562022 0.045900311221103024 3.4370728485555446e-10 1.6728375899427723 -4.588092572532787e-09 1.673064444875095 1.6720714837193071
0.9985295075907793 0.05390069712120998 0.005791141542356874 -0.00018794865539210198 -0.10338340846930444 0.9946415613318055 0.054210581493090076 -0.9931800369032378 -0.10322125338836236 -0.03442933806352178 0.14787581017762805 0.018384718797387373 5.48513234832626e-10 1.650829806055448 -4.9272266267053055e-09 1.6514570837157736 1.6489202424990825
0.9965238586626739 0.08330773957111332 -0.00014015565158971566 -0.001061524717019684 0.014380125950468323 0.9998960371673266 0.08330109411844641 -0.9964201084408123 0.014418571824889703 -0.040127709129540695 0.14861864294908028 0.05385306027182357 7.051985662087645e-10 1.6423893712772744 -5.052709362018959e-09 1.642384181148465 1.639510496588529
0.998297437302372 0.0582477365503383 0.0030704824179831336 0.000310756030730025 -0.05795159002759116 0.9983193460230866 0.058327781598532635 -0.9966186905732987 -0.05787102464755135 -0.03540999548775493 0.1520905547275104 0.03045745393738669 4.107558737587169e-10 1.6472375057984348 -5.2266617700524876e-09 1.648975397224599 1.6454031280265013
0.9999718115780089 0.006495252787324809 -0.0037666617347256997 0.003178664135388032 0.08827428912579979 0.9960911333676499 0.006802363097445994 -0.9960750280830073 0.08825115458580163 -0.025563025544979696 0.13033076813362865 0.04977315725811485 5.298828043009962e-10 1.6773764174829697 -5.23429655174823e-09 1.6771762654072129 1.67557855269387
0.9995392942793726 -0.02566501306741826 -0.016202046035711258 0.019625913826120743 0.13933452377937425 0.9900508643446886 -0.023152164002177886 -0.9899127222070764 0.1397740309019956 -0.021122261895501048 0.13370565425917702 -0.006595156400337421 4.539719711260659e-10 1.6712022380775355 -5.261529878453075e-09 1.6705548279398368 1.669522099376433
0.9997461883561787 0.022513529883902348 0.0008365640793056711 0.0006082215014193842 -0.06409084407938523 0.9979438830774991 0.02252085553209198 -0.9976900844838333 -0.06408827028984379 -0.02809078345950023 0.11039073942277718 -0.009508659158747698 0.0 1.72283 0.0 1.72283 1.72283
0.9995126088351319 0.03078399522406633 -0.005185597133740991 0.0052516037998919865 -0.002063722766833087 0.9999840807262238 0.030772803530353887 -0.9995239300218813 -0.0022243822728843787 -0.029087307658432905 0.11880264744971966 0.06950478782012634 -3.367732759329556e-10 1.6946873547448664 -5.723955531777847e-09 1.6949509727657173 1.6927488679142089
0.9980978635640506 0.058785777475307256 0.018571136623843576 -0.003203905147826397 -0.25136916755983785 0.9678859832604654 0.06156614118719425 -0.9661044322260911 -0.2507026850522759 -0.03521666732977184 0.13192245144061335 0.022827818431156693 -1.4273382475948893e-10 1.65817946585822 -6.1153295760618676e-09 1.6589577671969336 1.6566716391813454
0.999959760043477 0.00884120906584855 0.001520301301020599 -0.0015437532320302788 0.0026463513450337922 0.9999953068142454 0.008837144321019305 -0.9999574140166232 0.0026598935010411825 -0.02580592528076201 0.11061371930306896 -0.010263545380875996 -2.3721113961983065e-10 1.7104831028532272 -6.322411039150211e-09 1.710619466160245 1.7089447813418763
0.999985345545152 0.0004383040328234597 -0.005395978550531755 0.005364596453196813 0.053782674861857394 0.9985382541443258 0.0007278735036647874 -0.99855256835796 0.05377953538181718 -0.025603804716591114 0.1116706917130003 0.07131198878872282 1.2366552226694694e-10 1.706922597028015 -6.432730792482744e-09 1.7068879050681716 1.7058767623484812
0.9981406672162784 0.05641469684866944 0.023077920801390657 -0.0056924204824808505 -0.29068902597093965 0.9568006514050441 0.06068611701281576 -0.9551530098154638 -0.2898274021592295 -0.034405593138342114 0.12176009592083058 0.058749270733432085 -9.419665047971648e-11 1.6694152265372644 -6.556684972736093e-09 1.669639140722798 1.667945923830434
0.9947623583289877 0.10182385821449522 -0.008930417127147386 -0.013061477695905058 0.2132822387755775 0.9769033137538621 0.10137676386702153 -0.9716699998050736 0.21349511288705939 -0.042907657860612576 0.1449129204700941 0.055004841010609096 3.9836933751757897e-10 1.6513313192126367 -6.441482014452049e-09 1.6503227107646765 1.648150403748918
0.9992319284902268 -0.03915208302168815 0.0016332424086185765 -0.0028759666615459853 -0.03170567391513946 0.9994931110604757 -0.03908045421261308 -0.9987301260283729 -0.031793921775807546 -0.017258708692426544 0.14913918867226764 0.02970094964749062 6.150955300654459e-10 1.6560598320270215 -6.465656454679447e-09 1.6556924352827123 1.6545507728399729
0.999794592923116 0.007750150865011228 -0.01872717606234839 0.020218709549893188 -0.31731161379606365 0.9481057660062376 0.001405612264348599 -0.9482896577057599 -0.31740313379431995 -0.024747815371794372 0.1599016863101374 0.029984964591207447 1.3179786151340522e-09 1.648488378806924 -7.428622161853582e-09 1.6494275119069641 1.6464818933262428
0.9999596782462195 0.003628133060252914 0.008214531770859304 -0.0077042697471323696 -0.1233638278291718 0.9923316029488318 0.004613687178469892 -0.9923548773668779 -0.12333090146750597 -0.025291793145456418 0.15053856467418736 0.043798769293832834 0.0 1.66716 0.0 1.66716 1.66716
0.9962120838879112 -0.08095103135021722 0.03175554186345513 -0.012139616352433408 0.23214051424274118 0.9726065038657368 -0.0861052474040998 -0.9693078521143074 0.23027847098464707 -0.007956762309831968 0.1674122643185257 -0.012859175232735026 2.115061015217634e-09 1.6493165010607802 -7.970600179874054e-09 1.6490442287211016 1.6472104560691596
0.9997686068196744 0.018956232512893724 -0.010168287307338791 0.006903658083809772 0.1649434423233525 0.9862788654024706 0.02037332380612756 -0.9861208455779849 0.16477440818783326 -0.028689892948250667 0.14442767161676362 0.05296524870403296 2.2129817978111532e-09 1.6592103184564548 -7.834704440767837e-09 1.6588187914138413 1.6565534724812458
0.9966798769058235 -0.08023593482861188 -0.013835379762463886 0.003671511530674458 -0.12546299985712442 0.9920915056938707 -0.08133721764403408 -0.988848436530609 -0.12475186009393639 -0.008853248091049298 0.16789101423537095 -0.005834054276588063 3.211845012174308e-09 1.6485749916400154 -8.498281189872614e-09 1.6485006267849451 1.6464221914509256
0.9937739843398067 -0.056773705607099614 -0.0958645628009859 0.07233340665306781 -0.32567194536047006 0.9427118659946361 -0.084741644610827 -0.9437767375586056 -0.31953767119369025 -0.008023148174051843 0.1814534287163757 0.07061527110225765 3.1758373708612453e-09 1.6761633940723053 -8.56928661363554e-09 1.6763998771521598 1.6739510037697425
0.9999440502677921 -0.010373253045310036 0.0020717034781146774 -0.0020818888465425306 -0.0009711855997787916 0.9999973612651993 -0.010371213664461271 -0.9999457247369923 -0.000992727222021954 -0.0224304377566096 0.14951326099939366 0.022659876823693192 0.0 1.50439 0.0 1.50439 1.50439
0.9999341785589773 -0.011233751354482006 0.0023326765933608918 -0.002442250272341215 -0.009750150350276848 0.9999494837149296 -0.011210439919592335 -0.9998893625790068 -0.009776944213635501 -0.0225301604336402 0.1476950969030909 0.022502411106729348 0.0 1.66843 0.0 1.66843 1.66843
0.9997820906012465 -0.02083416187180814 0.0013072918956655985 -0.0012856746500981868 0.0010509471845007536 0.9999986212744042 -0.020835507041952975 -0.9997823929281385 0.0010239322194570315 -0.02087019490170103 0.146239788169801 0.021145084853979396 0.0 1.66839 0.0 1.66839 1.66839
0.9996945403402141 -0.024674436997154794 0.0014135674166941515 -0.0018559081764632306 -0.017913401937991916 0.9998378196666939 -0.024645113487436764 -0.9995350329977841 -0.01795372360570298 -0.019893439385956776 0.150308367900773 0.025297497022848475 0.0 1.66924 0.0 1.66924 1.66924
0.9999732136656904 0.006939906323593967 0.0023258657164711045 -0.0021431049822884414 -0.026226972357994965 0.9996537165548716 0.00699850356477766 -0.9996319240706313 -0.026211396885726747 -0.025712324326825013 0.14463890447276725 0.026210344543364766 2.348530259155268e-10 1.6509434469155622 -1.3040475366210558e-09 1.652003985607509 1.6438158525224678
0.9999371711298272 0.011155546115819696 0.0010989011496078428 -0.000789823678050118 -0.02767286390838184 0.9996167209394137 0.011181680170545959 -0.9995547840883792 -0.02766231433914418 -0.026429471423318994 0.14420069515508194 0.020379143007511397 0.0 1.67357 0.0 1.67357 1.67357
0.999758459221919 -0.021892469927219743 0.0019346768981755233 -0.0026302931441879902 -0.031790176042055564 0.9994911036448452 -0.021819825209890946 -0.9992547745533673 -0.031840081031757936 -0.020861659289819205 0.13958932340667393 0.018183954448530132 3.6622438415179204e-10 1.6557862054022783 -1.7371304394941944e-09 1.6553636541213406 1.6492523258663683
0.9999858246163789 0.0045052660219606295 0.0028378062605152084 -0.0026837019012333485 -0.03385057474886501 0.9994233018762754 0.004598729216443245 -0.999416750493628 -0.03383800411299345 -0.025353542402727827 0.14423450594185602 0.03016581505299401 5.293934179917414e-10 1.65090988366111 -1.9494903469308156e-09 1.6526559019079583 1.644625451815866
0.9991656051885408 0.04083700619597078 -0.0006575204688437676 0.000485338376279041 0.0042260959697028675 0.9999909522388266 0.04083941545709507 -0.9991568840966895 0.004202749970873768 -0.031951303684947675 0.14813790225796195 0.018900566833876226 4.3800518767511676e-10 1.6474331932383128 -1.9675869822322056e-09 1.6471364625390796 1.639572292300838
0.9985269307205011 0.05424684888256918 -0.0011171446671315519 0.0010027887268848762 0.0021352394016287066 0.9999972175798626 0.05424908331635502 -0.9985252726591398 0.0020776959175333246 -0.034104603124097695 0.14550340572002068 0.026337668013151294 0.0 1.66979 0.0 1.66979 1.66979
0.9996298723160482 0.027035250045792686 0.003035395915318942 -0.0015081453099039174 -0.05633331290991457 0.9984108790244215 0.027163281670768036 -0.9980459173362491 -0.056271689305719255 -0.029231517424501103 0.1433600090336027 0.028184806749671915 0.0 1.67129 0.0 1.67129 1.67129
0.9949944921813302 0.0998663855386993 0.0035588717668642855 0.0033025672626305694 -0.06845686537794755 0.997648610800467 0.09987519000378879 -0.9926431194654307 -0.06844401945857395 -0.042722729290042685 0.14950237327549784 0.01450042879366617 0.0 1.66281 0.0 1.66281 1.66281
0.9970912807443714 0.07615878116101236 -0.002969497536348842 -0.0018082899359443405 0.06258898440057449 0.9980377493457911 0.07619519637783548 -0.9951293680139148 0.06254464777396555 -0.037563180269304 0.13981467210138274 0.020371467352171768 1.0637108971423004e-09 1.6494556743575952 -3.023425954040704e-09 1.6493702178050036 1.642117380811202
0.9983199377512293 0.057930482397216036 -0.0011666608793490657 -0.0019326659209263491 0.05341595488907103 0.9985704785170281 0.057909987833012454 -0.9968905631876122 0.05343817302889177 -0.03511252718936115 0.15065216216829777 0.03544011222651802 9.816787382987968e-10 1.6453209339684092 -2.8041036159720534e-09 1.6432108987113345 1.6377976870138387
0.9995323234439799 0.029776379861271483 0.006964308510989767 -0.0041221581632100435 -0.09446663991478295 0.9955194934079835 0.030300861419379814 -0.9950826202610353 -0.09429971713465285 -0.029687813299026783 0.1352032076015793 0.012497808082198497 0.0 1.67996 0.0 1.67996 1.67996
0.9992777335864651 0.03758706688750129 0.005587804675549118 -0.002059401640562092 -0.09326409026103288 0.9956392762103475 0.03794430159036315 -0.9949316669352607 -0.0931193218738364 -0.030999639102731354 0.13789614475023784 0.011761843883252299 1.098756641226828e-09 1.654230919566258 -2.7867290697258795e-09 1.6549445346617446 1.647397606035609
0.9998981105667298 0.013724477371457818 0.00392520139151975 -0.004122970855290203 0.014411505335519777 0.9998876485012158 0.01366636734505823 -0.9998019540063147 0.014466622575615172 -0.02728854035060256 0.12036655563279894 0.03680277966677811 1.2404841598367966e-09 1.6865341705754249 -3.0343860757398033e-09 1.6863211706875996 1.6820701646131537
0.9993942405050918 -0.03473907612006904 0.0020853382398858256 -0.0027102721380918293 -0.01795199836930597 0.9998351765063508 -0.03469591431549492 -0.999235168688969 -0.018035276125952477 -0.0188043323300588 0.13186016990659483 0.016692878403744782 0.0 1.69039 0.0 1.69039 1.69039
0.9986770354896873 0.05134555903388733 0.0027950586804428926 -0.0019189578671496704 -0.01710421530109267 0.99985187073868 0.051385760539605106 -0.9985344657979669 -0.016983057066821308 -0.03300533915125323 0.12990670054714956 0.010582731027506842 0.0 1.6875 0.0 1.6875 1.6875
0.9999531480309316 0.009222144921602877 0.0029417318155126188 -0.0028355289132341033 -0.011508073739785797 0.99992975954043 0.009255350820560965 -0.9998912522278833 -0.011481384905303666 -0.026084534502692276 0.11891894604346939 0.03939356147338938 0.0 1.70572 0.0 1.70572 1.70572
0.9999439115576985 0.006785240953299498 -0.008132296348252063 0.0077205021773951304 0.05865428939548131 0.9982485002150717 0.007250350668689294 -0.9982552954233286 0.058598614100200695 -0.025617495068758354 0.111797660947602 0.029109568614934606 0.0 1.72288 0.0 1.72288 1.72288
0.999869225090362 0.015962294601575333 -0.0025957404052853114 0.003143609379477587 -0.03439395642026122 0.9994034087803737 0.015863493854393246 -0.9992808718837831 -0.03443963777274576 -0.026909073684572366 0.11013225462135802 0.03454543116219591 1.1352714324175395e-09 1.7028936076991332 -3.6265204172991616e-09 1.70363488988251 1.698125851268471
0.9985728365607842 0.05330462985064401 -0.003302501996216671 -0.001163393903498974 0.08353291511654812 0.9965043394821506 0.05339416257957872 -0.995078322811133 0.0834757142755192 -0.03361550046706607 0.1350884990740944 0.029790616466749686 1.033536811689828e-09 1.652785801744244 -3.5633069828122643e-09 1.6530070818035103 1.646131950858412
0.9994591431543423 0.0328415118667457 0.001690048370352873 -0.0028407084422704537 0.03502175060685231 0.9993825130349128 0.0327620442087142 -0.9988467910959808 0.03509610201330647 -0.030386817402850097 0.13787483004143283 0.0064946155185432175 1.2606076182919423e-09 1.6584927364418105 -3.6496858868417803e-09 1.6577122868554532 1.6504106606741944
0.9987099498498411 0.05056902697193288 0.004605386198815398 -0.0030829747068520513 -0.030142445924643525 0.999540858704954 0.050684626247859625 -0.9982655991592578 -0.029947657626647674 -0.032480766357139715 0.12306910418858745 -0.002998859432606804 1.461876841801768e-09 1.6740474629985496 -3.8054626116945656e-09 1.6735579268685514 1.6688541030486563
0.999904485500051 -0.013268144654920535 0.0038699114065393406 -0.004118285035214171 -0.018743611605114383 0.9998158414189912 -0.013193165095877916 -0.99973628190709 -0.018796463320002094 -0.022543236830520272 0.11107638087139522 0.039824799812760714 0.0 1.72599 0.0 1.72599 1.72599
0.999981628709769 0.005828253102660542 -0.001665445504727088 0.0016023331836748783 0.010816652496592881 0.9999402144914148 0.005845919202861266 -0.9999245128981185 0.01080711497738129 -0.02543290757417188 0.11830151608658199 -0.004062665177289815 1.595588550173943e-09 1.6870362819063915 -3.573490836572546e-09 1.6865159567144703 1.6820729479146204
0.9986519892159321 0.050235007887852484 -0.01306324682340812 0.006465975843094857 0.12931282526070992 0.9915827672864681 0.051501413489907194 -0.9903305696612624 0.12881369183025962 -0.03301914718061214 0.1311139129803967 0.03633355142855277 1.7512107319817005e-09 1.6656318071728542 -3.774225376673712e-09 1.6648408312562442 1.6586957469911399
0.9989580475581931 -0.04561509278946327 0.00144309685455421 8.730309926341384e-05 0.03353051429671315 0.9994376903985395 -0.04563783076452938 -0.9983961978697669 0.03349955943444037 -0.017072642692503047 0.1280015535256533 0.04547040732507049 1.5681322906857531e-09 1.6728632202560147 -3.5656251284876816e-09 1.6723770365505297 1.6688487807571315
0.9999439543056476 -0.01023444468404083 0.002710053430125904 -0.002728383178469837 -0.001777448870279405 0.9999946982863186 -0.01022957344253765 -0.9999460469532958 -0.0018052727386402012 -0.022414636287348202 0.12406543847144924 0.014324174084787228 0.0 1.69687 0.0 1.69687 1.69687
0.9999495117987077 0.009703475441210722 -0.0026108270505256354 0.002045934597150488 0.057776109508584104 0.9983274689808331 0.009838089507120725 -0.9982824068040134 0.05775333982061958 -0.026489756314065343 0.12067853816657316 -0.0018070056082024888 1.548036365761618e-09 1.6782609671542872 -3.697769201949086e-09 1.6785567743697252 1.6741062099880342
0.9997401319423408 -0.0037091629988894557 -0.022492458597463866 0.022792478191725432 0.14471483416241399 0.9892108570528454 -0.00041415189324319574 -0.9894664516208687 0.1447617684163075 -0.02459142131705385 0.1152533076056929 0.01615819774904309 1.2483463152079821e-09 1.6877019000929687 -4.073682724481387e-09 1.6900359586756641 1.6844054796278005
0.9994922143183044 0.027454296491915123 0.016173284181844223 -0.012860459858570844 -0.11682205158951627 0.9930695931477524 0.02915342328644723 -0.9927733224994266 -0.11640965614643324 -0.029190791575498722 0.12019299962172851 0.01941248629451206 0.0 1.7026 0.0 1.7026 1.7026
0.9968761610850421 0.0787203924186611 -0.00640462940388703 -0.009340237217799224 0.19802459289275826 0.9801525496464173 0.07842626746865095 -0.9770308902113122 0.19814126310242974 -0.03935029901502934 0.150039574240642 0.02528820994347525 1.4351675403645459e-09 1.644046477622247 -4.145453758042095e-09 1.6421332417305363 1.6344359739090262
0.9995023334466832 0.02820870827551971 0.014119285111570762 -0.010468240527592182 -0.12562165504442158 0.9920229915300132 0.029757375134438123 -0.9916770989396332 -0.12526384180513286 -0.029131630986982036 0.11717504402263511 0.0947563846863278 1.6023680160515141e-09 1.6848444683090076 -4.132721720395693e-09 1.6850755187470403 1.6804070401767968
0.9984627939591071 0.05459527852261915 0.009560577514538676 0.0006217760647991705 -0.18351456034422167 0.9830167951445145 0.05542258090254457 -0.9814997512504549 -0.1832664066909051 -0.034676722976767146 0.14467435080994798 0.013644779885522984 1.6179146911099451e-09 1.6397615316776495 -4.711195877860064e-09 1.6418989517397087 1.6343782281996022
0.9999079444482394 0.01032973679329007 -0.008797679641703408 0.007486821026516283 0.12071584530143771 0.992658870007253 0.011315924187339135 -0.9926333569001904 0.12062739584706988 -0.026436655940780825 0.12853263829984718 0.04822966054566866 0.0 1.69336 0.0 1.69336 1.69336
0.9876791033873088 0.1564547865612335 -0.003447969564941771 -0.004657441498091304 0.05141057267140697 0.9986667418394836 0.1564234540301861 -0.9863462134462101 0.051505827336228646 -0.05366174930962768 0.15945952486087975 0.03540108089235436 1.2382326275428568e-09 1.637134012463891 -4.589844948554855e-09 1.6373110924044099 1.6295784808049305
0.9999118039011095 0.005981695115434752 0.011857644908457733 -0.009935481104369169 -0.25555980495617914 0.96674219536854 0.008813094487965748 -0.9667747438852059 -0.2554778345595573 -0.026247726165494145 0.15175080735732738 0.057431014521838936 0.0 1.66444 0.0 1.66444 1.66444
0.9933657223922996 0.11499536525727758 -0.0007794519678776257 0.027549158101983662 -0.23138666746052688 0.9724717240153483 0.11164938631222662 -0.9660415498780872 -0.2330196095723412 -0.04609708166972218 0.1677765152512378 -0.001184849883216793 1.953686101785479e-09 1.6345988317131157 -5.5765667639207095e-09 1.6356499990867457 1.6284285084679873
0.9997773813117861 -0.01889134336616389 -0.009397072052996003 0.011675096128877405 0.12434255159286578 0.9921706617279896 -0.01757498073196601 -0.9920594977163402 0.12453542886694459 -0.02126193054209878 0.13751608289833497 0.06666666740389025 2.1300676777968874e-09 1.6555008360125774 -5.942458969343534e-09 1.655278150342708 1.6500446527771926
0.9997365498287197 -0.019102079443217956 0.012725623659101043 -0.0169581274508199 -0.24108825256151975 0.9703550259519425 -0.015467800423131634 -0.9703151885020547 -0.24134867331786253 -0.02139355413189732 0.14544813994715505 0.05587737497968079 0.0 1.66787 0.0 1.66787 1.66787
0.9994467124278757 0.03322890835155877 0.00145212495152941 0.0009081376636287941 -0.0709052674429633 0.9974826406182847 0.03324822255542462 -0.9969294271404598 -0.07089621286288425 -0.030466846703350016 0.13585529033162927 0.06474177172252565 0.0 1.68435 0.0 1.68435 1.68435
0.9997470045946233 -0.005261693427592515 0.021868730789696075 -0.022430532156004684 -0.16091696462789531 0.9867130290627274 -0.0016727316809967696 -0.9869539224691386 -0.1609942759588199 -0.023962070492857458 0.11709580734544806 -0.007473209831931449 2.8883464509021906e-09 1.6877679645054071 -7.244650213067416e-09 1.687444345049201 1.6838435252707882
0.9993664448698639 -0.025428286127707957 0.024902030695838573 -0.0286888196701523 -0.16146380823104164 0.986461550318847 -0.021063249846653614 -0.9865509824110139 -0.1620910195222444 -0.021314330958754443 0.11418015645897288 0.07842386551067573 3.000340420555858e-09 1.6957321396565206 -7.224426390450844e-09 1.6943995300483907 1.6914120581349996
0.9999037667381284 0.011069575666482371 0.008361923072267491 -0.0072588403106608745 -0.09619026777174919 0.9953364966800643 0.01182228828301962 -0.9953014100666006 -0.09610065878645141 -0.02630204231105959 0.1121478326502437 0.07250932307177821 2.9565780934603936e-09 1.6966892091855028 -7.287695780178183e-09 1.6974663114766209 1.691445145938494
0.9945982232295816 -0.10311131800364551 0.011934422822687585 -0.06211022140272286 -0.4990662112173454 0.8643351417236655 -0.08316666847881035 -0.860407445877077 -0.5027746337410237 -0.009280034100167457 0.12512906846962035 0.06197834601675639 0.0 1.66748 0.0 1.66748 1.66748
0.99979026375303 -0.008286750800673925 0.018728541475890093 -0.01932601096332029 -0.07911843479127414 0.9966778710177248 -0.00677744825817423 -0.9968307795395097 -0.07926199062451905 -0.023290952613389194 0.11312227877609408 0.04900693818526397 0.0 1.71692 0.0 1.71692 1.71692
0.9997534041893937 -0.01290347623114884 0.018072938689400825 -0.019166120979486778 -0.09033910571213219 0.9957266220131566 -0.01121564168107824 -0.9958274681290351 -0.09056413805363187 -0.02296076076770417 0.11377996381198874 0.04380494881871383 0.0 1.71889 0.0 1.71889 1.71889
0.99957248593729 -0.015961269111311988 0.024496596610600163 -0.026643450093200183 -0.1522286387530597 0.9879861173673047 -0.012040428741425288 -0.9882164132576158 -0.15258882214623706 -0.02251110334540614 0.1146499882712162 0.09040655079275858 0.0 1.7117 0.0 1.7117 1.7117
0.9917812515682174 -0.12266203828981043 0.03638644528350583 -0.08881391712389335 -0.4553124930347041 0.8858908633751861 -0.09209797588921638 -0.881841571966933 -0.46246449029952313 -0.008620601046940828 0.12107328432599747 0.08274865635186013 6.096502858099484e-09 1.6524216676888637 -7.594834094959424e-09 1.652589993971092 1.6486972018120314
0.9959181821235403 -0.08797606307024339 -0.020178871187534378 -0.038108215285883706 -0.6124959774548929 0.7895545842621013 -0.08182138133438768 -0.7855627854781791 -0.6133484911763433 -0.009624315826573105 0.11957922140988904 0.08843780074825972 0.0 1.66695 0.0 1.66695 1.66695
0.9770054062834531 -0.13374714039911478 0.16604860290879941 -0.20492554890556558 -0.3740019433199969 0.9045043204974857 -0.05887236617172169 -0.9177332122288729 -0.39281012674499294 -0.013172727752792206 0.11637805325980985 0.09546238427669942 6.621040604670725e-09 1.6464830073629715 -7.17059212007598e-09 1.6387299879908488 1.6375553149163862
0.9938723488121314 0.10955383196802644 0.014687142941309267 0.020761270299379915 -0.3155304793222878 0.9486882977428379 0.10856667961309813 -0.9425701430237269 -0.31587149532368086 -0.041506582795134236 0.11244227132989668 0.10241334905719846 5.9225113702154886e-09 1.666659031728135 -7.216241826313308e-09 1.6706010013406436 1.6635583732536068
0.9721808586240561 -0.1329688249550237 0.1928306762812208 -0.22953349224494224 -0.3767645843935049 0.8974200933145138 -0.04667712569164613 -0.9167157354037672 -0.39680411590644626 -0.014665905730731933 0.11867245837451924 0.10583476758837211 6.006566799499069e-09 1.6278623771495404 -6.275747033157586e-09 1.6226044445216905 1.621691946693737
0.9949314766762387 0.09766589021017746 -0.023931790745631627 0.09020318881846001 -0.761682133824039 0.6416414199069758 0.044438063029573975 -0.6405479692440781 -0.7666313048992112 -0.0339151934462964 0.10970185648772995 0.082537214749328 6.601066360190089e-09 1.6567873636450132 -6.392131268739831e-09 1.6541294682773255 1.6488642270096845
0.9888599738723839 0.14838605098558702 -0.01172740150293982 0.12180147090058377 -0.7613716117300716 0.6367712858931436 0.08555906591099886 -0.6311060518838778 -0.7709635513537471 -0.041449963589973486 0.10599786130680107 0.1637950828993383 0.0 1.67468 0.0 1.67468 1.67468
0.9323493711345093 -0.17604215895375333 0.31580659970302466 -0.3592259018910039 -0.3519698441314629 0.8643344145830761 -0.04100489672807232 -0.9193075584878956 -0.39139776615528216 -0.013735724600536597 0.1175809653821838 0.14103459557161224 7.668851331743554e-09 1.5885128095224381 -6.7092953415226475e-09 1.5796157232144745 1.5775411644648916
0.993409428167161 0.11460215575614971 0.0020134360275855627 0.1127585483907931 -0.9739739950705213 -0.19662188761979116 -0.020572257858465087 0.19555306906927283 -0.980477322218211 -0.021953017217253103 -0.03805213223760968 0.230949472859407 7.454816319807378e-09 1.6653450928615623 -5.840249173161283e-09 1.6550637643092383 1.6569414309506332
0.9240667811936764 0.38201778498673894 0.012766982736103204 0.3822310302326518 -0.923537726278093 -0.031265119036643925 -0.00015304131419301473 0.0337709948760119 -0.999429585555401 0.04123168733931258 0.08319966286212066 0.3541824071369481 0.0 1.5123 0.0 1.5123 1.5123
0.9936013070726956 -0.04851812137102012 0.10199232560373266 -0.042391534897929746 -0.9972124561334605 -0.061402565917629534 0.10468715466774547 0.056686058523222414 -0.9928883574786611 -0.03897274806669682 -0.04145008548483089 0.2361745608206213 6.038052319468079e-06 1.491777189604825 -1.7968861953931992e-09 1.4924902845510113 1.4923780850489186
0.9960725597083627 -0.07914835890385855 0.03968618246765379 -0.07696948536321913 -0.9955854307886498 -0.053715438416712245 0.04376247386690013 0.050449849199025384 -0.9977673369061769 -0.034049869296753216 -0.04040604429371128 0.23622676271153892 0.0 1.67867 0.0 1.67867 1.67867
0.9991137683182207 -0.030576316513694697 0.02892692215599324 -0.027971563689217962 -0.9958570349193211 -0.08652374024785221 0.03145265619537649 0.08563792892259912 -0.9958297422491975 -0.03147182326433416 -0.04456951229992423 0.23614007805739623 6.03913949603907e-06 1.6488116272566415 -3.092809564009258e-09 1.651882631059582 1.6421196945688807
0.9994443126238012 -0.007015712407292776 0.03258597464179799 -0.0048175677599093135 -0.9977378589225274 -0.06705188970916079 0.032982677344576286 0.06685764467963956 -0.9972172272594747 -0.03185236253402378 -0.04476886239443242 0.2339022655958873 6.038588616696927e-06 1.6420693205356605 -3.2775968605847083e-09 1.6527031089198942 1.6402186875145963
0.9982632943461872 -0.058695776267671175 -0.00502006070014932 -0.05889754080028981 -0.9961774932095261 -0.06450954743650578 -0.0012144335205725304 0.06469318257065487 -0.9979044630023979 -0.02541031994255838 -0.04207747766973511 0.236967035409535 0.0 1.67219 0.0 1.67219 1.67219
0.9973034103884211 -0.06475739365478166 0.03453096573604496 -0.06249050951318857 -0.9960478311143484 -0.06311619723323503 0.03848173395789692 0.06078814110862561 -0.9974086214045632 -0.03306498869340337 -0.041340805543980605 0.2400073799075878 0.0 1.6749900000000002 0.0 1.6749900000000002 1.6749900000000002
0.9985353381164084 0.045395848676581085 0.029434596237813984 0.04746476950542882 -0.9961365634776845 -0.07388533385364968 0.02596679010865023 0.07517422314731098 -0.9968322637162441 -0.02940824943418139 -0.053076507871207414 0.2411299245040023 0.0 1.66121 0.0 1.66121 1.66121
0.9964388533929431 0.07374218562788598 -0.04088644650467446 0.0672885963899165 -0.9876571526305936 -0.14144113140633235 -0.05081196950357385 0.13818624720445544 -0.9891019688781927 -0.01646994116880511 -0.04627612347955525 0.24236865914916098 6.039906029542408e-06 1.6519965977318192 -5.689694937416334e-09 1.6512491544643364 1.6481489464907702
0.9985175332372781 0.052260767833736434 -0.015216700140617198 0.050390232346746076 -0.9932363073182675 -0.10460622500029766 -0.020580580695940154 0.10368437669292446 -0.9943972997389009 -0.02183213332398784 -0.04055374425195438 0.23573723911886246 0.0 1.67452 0.0 1.67452 1.67452
0.9983681874561098 0.05308463342784398 0.021047184358805524 0.05359214647941584 -0.9982664554448986 -0.024330346672565683 0.019719130592674564 0.025418607894804567 -0.9994823911712297 -0.0280875492393884 -0.04268858499304702 0.24419429942630477 6.039529763413043e-06 1.638534091550329 -6.548170894404848e-09 1.6495319644306585 1.638167451011868
0.9985539791347677 -0.05283358072660443 0.009927915276001772 -0.05235294143073112 -0.9976738260134849 -0.043658978585915595 0.012211481387306475 0.04307609122495184 -0.9989971622017287 -0.028189378890081454 -0.04103924902649826 0.24362712498081274 6.039400994417576e-06 1.6501321115285972 -7.139004054579345e-09 1.6559237675898943 1.6459229438062524
0.998475120667653 -0.05430197881582211 0.009936221837388293 -0.05361407116702888 -0.9967692751875146 -0.05980420900784335 0.013151607529596807 0.0591802935008188 -0.9981606724774045 -0.028246048755295794 -0.043169269571696575 0.24068119257038886 0.0 1.67532 0.0 1.67532 1.67532
0.9958570476781392 -0.07680829352571464 -0.048674702212219215 -0.07756839433700624 -0.9968898312908191 -0.01392151101500167 -0.047454028172108365 0.017639453354052023 -0.9987176602501885 -0.017221244954324283 -0.03798519263841735 0.23525391450432812 6.039897901821689e-06 1.6521597432126 -8.634375880944845e-09 1.6578003329857047 1.6506592951674177
0.9989742825391992 -0.003947434151695313 0.045108763992268146 0.0004606828154055864 -0.9952553542950839 -0.09729628727916918 0.04527880957617713 0.0972172696108313 -0.9942326849851494 -0.034150881050212356 -0.04017599243280176 0.23757789914512978 0.0 1.67261 0.0 1.67261 1.67261
0.9788316491570592 0.2045526605039146 0.006841906842542052 0.20272030509323902 -0.9643795225835919 -0.16993120468103395 -0.028161685165768658 0.16772103476372188 -0.9854321762487821 -0.02157872662243744 -0.029579067070253855 0.23644313764356895 6.0405492945392325e-06 1.67638759530898 -8.018602670745167e-09 1.6651534899259337 1.6668947760171298
0.9846011266301652 0.17190055923307093 0.03179338254994368 0.17466373638097432 -0.9749259524065061 -0.1378838878103763 0.007293876338894542 0.14131378227060665 -0.9899379850820598 -0.02783128587866769 -0.03856654744064045 0.23517023041242416 6.040665418538538e-06 1.6531948647671983 -8.192980516241732e-09 1.6517181526368319 1.6456716687234145
0.9849057115501975 0.16944988702753497 0.035319614128064614 0.1725335586070013 -0.9774478586467702 -0.12176967923603992 0.013889222807780835 0.12602547128735228 -0.9919297707381289 -0.02916834477783732 -0.03266727684469947 0.24664709211334435 6.0410124360643636e-06 1.664912387144935 -8.19657319794942e-09 1.6584427703089437 1.6544079752235161
0.9364298126402745 0.2800963929675469 -0.21129414720968984 0.14506053185115997 -0.8574278787810978 -0.4937356324876758 -0.31946306218021375 0.43169832445298684 -0.8435519596129953 -0.0967032849495162 0.0013891109173712647 0.24559619189702356 0.0 1.31871 0.0 1.31871 1.31871
0.9990479174297124 -0.0013068662504183226 0.04360677447321565 -0.002021883353149621 -0.9998641734456032 0.016356853231819984 0.04357947529583886 -0.01642944796834517 -0.9989148625245271 -0.0340466228121961 -0.0216662391771254 0.24320797693882973 -5.536013354401348e-06 1.6443640684181027 -2.4281883170829133e-09 1.6436757333977035 1.6365869706009413
0.9996165309894981 0.003130928545722381 0.02751341961595216 0.002592984806910119 -0.9998052046308049 0.01956602215437827 0.027569319946509657 -0.01948717731217297 -0.9994299287684408 -0.03076291458136781 -0.021285178269076725 0.24140308301672736 0.0 1.67259 0.0 1.67259 1.67259
0.9990592550508847 0.007488503479618288 0.04271448481261298 0.00614645290651614 -0.9994859757542165 0.031464351054959094 0.042928149434132125 -0.031172208556300134 -0.998591742104792 -0.033634976721407556 -0.01940275587928983 0.2425933998452071 0.0 1.67371 0.0 1.67371 1.67371
0.9988918120067182 0.022801112004931925 0.04117350115394626 0.0212321528630535 -0.9990464529469082 0.0381494500484739 0.04200409016673724 -0.037232971215572175 -0.9984234383585578 -0.03349613821563838 -0.01662384483822554 0.24195016147845663 0.0 1.67602 0.0 1.67602 1.67602
0.9954576965239194 0.0845912506500869 0.043684033064116286 0.08313361192986507 -0.9959522804671926 0.03417393158085711 0.04639802796226608 -0.030387091760362396 -0.9984607391658221 -0.034547489932279137 -0.01340816288592576 0.2425548161635298 -5.531688401561041e-06 1.6518944972862508 -6.10326722494392e-09 1.6520260129542645 1.6429676074337989
0.9865955445570137 0.15931704888571036 0.03531726765475711 0.15911376889855625 -0.9872235613225866 0.008511669427665229 0.036222092804618654 -0.0027781115703291804 -0.9993399031805728 -0.03299919220763553 -0.013237794175357604 0.23745865171900266 -5.530765727179698e-06 1.6554125947848002 -6.986121903196363e-09 1.6555345728158137 1.6474145601087455
0.9828411466187948 0.17744639324161351 0.05035928949652819 0.17812794368082407 -0.9839629236006887 -0.009348831971233184 0.04789275720914011 0.018158813417397158 -0.9986874092037903 -0.03535808963618173 -0.016310646427396085 0.24376522030398634 0.0 1.67873 0.0 1.67873 1.67873
0.9855389944909341 0.16179736148948043 0.05034385913735037 0.16099654671094318 -0.986760293114045 0.0196019356349079 0.05284886266467881 -0.011213284466487566 -0.9985395635459438 -0.03630934494345695 -0.011680824243895854 0.24569705744576906 -5.529379161650638e-06 1.6511229686000748 -8.550714802879611e-09 1.65115105939846 1.6435693048274658
0.9985014395319181 -0.0357374438364353 -0.041445269461365994 -0.03291257283311988 -0.9972135864080479 0.06694643853636746 -0.04372228038645952 -0.06548204480036249 -0.9968954127723587 -0.01760064945567595 -0.017686175249400343 0.24219837759968021 0.0 1.67538 0.0 1.67538 1.67538
0.9692827054777876 0.23756251933801 0.06367955925913789 0.2392179586317333 -0.9707668118360447 -0.019661264093338272 0.057147223289734345 0.03429061742604366 -0.997776702687938 -0.03815974932679117 -0.005036305275722972 0.24608160491138475 -5.528763461271069e-06 1.6704274259901908 -9.076194018575734e-09 1.662037555048209 1.660630535219993
0.9532111787881935 0.29517892109807664 0.06525222733821598 0.29873466964282536 -0.9528246724850066 -0.05369115995424021 0.046325433474655967 0.07067211644782723 -0.996423306717667 -0.036733903961553835 -0.016932988835428417 0.2532225770898906 -5.528689753120375e-06 1.6721519786720664 -8.64419202883937e-09 1.6617469110212317 1.659343399000118
0.932452848629157 0.35925209316074397 -0.03833560542100135 0.3583343090097288 -0.9331478747550764 -0.0288369004333797 -0.04613250556701619 0.013152087275736142 -0.9988487445706685 -0.01997965165823741 -0.0007566297743929265 0.2526993608241287 -5.528455162995272e-06 1.6853970205424353 -8.16319278840183e-09 1.6719711693438066 1.6750235226292718
0.9994662091896104 0.017179535391929342 0.027787771624719307 0.013583907123922209 -0.9920928876315463 0.12476850475239543 0.029711515535205606 -0.12432443796220158 -0.9917966827782717 -0.03132640793237796 0.0006820653860016325 0.22905302203570124 -5.528045397440451e-06 1.6463969080036005 -8.63533511363812e-09 1.6444067470250676 1.6373983829887946
0.9731146432391914 0.22490414344788345 0.04965901099936447 0.22308868317894365 -0.9739949863486919 0.03956268450315871 0.05726543941109728 -0.027420664244059086 -0.9979823528607449 -0.0377555299853773 -0.0052347256978112384 0.2531354077476624 0.0 1.67559 0.0 1.67559 1.67559
0.9520760237477898 0.30129937849351834 0.0526301199316293 0.30326315241387924 -0.9522891764372169 -0.03430429752266668 0.03978323004224701 0.04862107526522809 -0.9980246919026898 -0.03538466274754715 -0.006901183650621066 0.23614649179997696 -5.527000281446703e-06 1.6787105909805602 -8.890254754589932e-09 1.6674360143529805 1.6671187950696709
0.9978518867453645 0.06547471784495781 0.0021618144785057075 0.06461037857533561 -0.9781555810829664 -0.1975782330536342 -0.010821788164075698 0.1972934882842501 -0.9802847384212223 -0.020281184777333525 -0.05612206439230974 0.2509061664829693 0.0 1.4781 0.0 1.4781 1.4781
0.9969936069873072 0.07693077077378369 0.009241435742913707 0.0772502564266436 -0.9776384378100903 -0.19559008870150826 -0.006012113476695261 0.1957159713063745 -0.9806421942110924 -0.024646597365136705 -0.05590753246024103 0.25081883962957185 0.0 1.67278 0.0 1.67278 1.67278
0.9975357958448757 0.06827766360678962 0.01613990893805881 0.07013638120935446 -0.9763510599759491 -0.20449815577333952 0.0017955609114880733 0.20512622537413153 -0.9787338798799059 -0.02629924597334889 -0.058149233064665844 0.25074799211162 -1.836645656982938e-05 1.6420110522383249 -5.706890959800148e-09 1.6420029982153448 1.635899384867069
0.9973072016138365 0.06775367862874397 -0.028067501517799444 0.06186522679038529 -0.9827740732842736 -0.17414882886316352 -0.0393832365779272 0.17194347883101035 -0.9843192575400204 -0.018413177896608155 -0.05292944211926063 0.25087156904225005 -1.8365016849486437e-05 1.6500347647429336 -6.80145983977809e-09 1.6494734438079979 1.6445362579984115
0.9977943157049597 0.06552455021163994 -0.010631879722501587 0.061633329437050785 -0.9739491693920324 -0.2182300349243296 -0.02465433530589358 0.2170934102181189 -0.9758394411943453 -0.0210424971059865 -0.05958875827932437 0.24867476824925114 0.0 1.67625 0.0 1.67625 1.67625
0.9957381819588307 0.08875068556144206 0.02507566154056133 0.09172485385973686 -0.9813091669955015 -0.16917112624500977 0.009592923106783493 0.170750211077378 -0.9852676495467099 -0.02759989085178737 -0.05052473385278048 0.2547650788797578 -1.8362721694309414e-05 1.652902208207946 -8.312197152804401e-09 1.653048454506835 1.6452302965920529
0.9939414294953763 0.10478158401800182 0.033185153056243664 0.10954722600394246 -0.9689641731106696 -0.22160288017712562 0.00893532358278347 0.22389562496537263 -0.9745721672168953 -0.02775612432778448 -0.051181100872130576 0.25156993548445244 -1.8362265183036186e-05 1.6652943986643702 -7.643105703891706e-09 1.6532324231015103 1.6524708733628684
0.9902416908422375 0.13793449121084614 0.019886423819061062 0.1393405925936188 -0.9775451862516817 -0.15808101749363776 -0.0023649468419938645 0.15930940013247702 -0.9872258718529742 -0.025590980890386455 -0.04491980124879225 0.24350634454057807 0.0 1.67804 0.0 1.67804 1.67804
0.9854041029203455 0.17020227640871782 -0.0031526263716508893 0.1643596269783787 -0.9560732076443885 -0.24271368862117798 -0.04432456392652977 0.23865290010779328 -0.9700928441664037 -0.018277288496323305 -0.05669947411563854 0.25260754839575006 -1.8360282421525653e-05 1.6600872270521974 -8.828077824318825e-09 1.6563708452650765 1.6556712267573337
0.8175967224775694 0.5151452956388454 0.25721765836563965 0.5727263944061434 -0.773619243009328 -0.27110467350492673 0.059330232971689996 0.36896963455932363 -0.9275458652965276 -0.1252125318459229 -0.04168987771896942 0.31439860532896163 0.0 1.48428 0.0 1.48428 1.48428
0.9984560402312848 -0.04352491343897495 0.034512572141069425 -0.04567424478432774 -0.9968945037671071 0.06414991599616132 0.03161327393744745 -0.06562720677480477 -0.9973433063102658 -0.03158698031457296 -0.01612762528049811 0.25156347308353433 0.0 1.67339 0.0 1.67339 1.67339
0.9982193325011408 0.02985448267247628 0.0516417862330104 0.027802375328695558 -0.9988124304545167 0.040009457577222435 0.05277491967838005 -0.03850244971297326 -0.9978639031546541 -0.03544671946096447 -0.01772247777578854 0.2526466012985752 0.0 1.67047 0.0 1.67047 1.67047
0.9986053020563913 0.021418240562766522 0.048256706021639645 0.01781695993798279 -0.9971094815743055 0.07385958091668486 0.04969916139565944 -0.07289678131313801 -0.9961004229648498 -0.03456967916269339 -0.01220389079637402 0.2525944535534548 0.0 1.67322 0.0 1.67322 1.67322
0.9988145948899134 0.020136448902731217 0.04431623247169855 0.017372967148826024 -0.9979321772416833 0.06188335509746739 0.045470705375480425 -0.061040093801214994 -0.9970990532045425 -0.03416795462802061 -0.01288111582635815 0.2551895497302424 0.0 1.6691700000000003 0.0 1.6691700000000003 1.6691700000000003
0.999031933769298 -0.00024286314655911235 0.04399018443549728 -0.003477338897652985 -0.9972916861892973 0.0734656434797862 0.043853203114115794 -0.07354749265066912 -0.9963270863032038 -0.033720533132264585 -0.012899815199287464 0.2526878514011164 -4.390240210483398e-06 1.650506645092955 -8.87776252511685e-09 1.6518155984306784 1.6430772089561776
0.999064579095087 0.04215532886226259 0.009638207617164843 0.04196877818110339 -0.998942009842136 0.018801133756753918 0.010420578464865785 -0.01837904298565357 -0.9997767862495054 -0.027508199618824294 -0.018492269575756164 0.2531573471729719 0.0 1.67459 0.0 1.67459 1.67459
0.9984838056295466 0.02967866366698139 0.04636018570368143 0.02517422872264638 -0.995169172415306 0.09489244691994721 0.04895250865642653 -0.09358148960759981 -0.9944074399857763 -0.03470631908992909 -0.00727618674988437 0.2516936216114202 0.0 1.67047 0.0 1.67047 1.67047
0.9959169025937123 0.07855974701310743 0.04447346711672615 0.07839070089494084 -0.9969073480993126 0.00553509880630923 0.04477076212603365 -0.0020261922002213738 -0.9989952319224662 -0.03408420936463968 -0.006351836494906955 0.24924738974120447 -4.388255894660631e-06 1.6594290479845064 -1.0158556662531737e-08 1.6485267893535607 1.6468586897867965
0.9903905207740715 0.12639711474109563 0.05612829719481548 0.12432417718813607 -0.9914742168338336 0.03901764114127226 0.06058147676770664 -0.031664597563563865 -0.9976608832332665 -0.03740281983965548 -0.010104186208966848 0.2612386173977299 -4.387552995588351e-06 1.6539871604272918 -1.0726757260215436e-08 1.6548179730004229 1.6463488407309175
0.9655227373181005 0.2584810563971388 -0.030876968853522396 0.25955788041413275 -0.9649667090847912 0.038326975787172146 -0.019888449831121292 -0.045019927164388476 -0.998788093502034 -0.023379645636083746 0.0011495088351572138 0.24749622105873612 0.0 1.68579 0.0 1.68579 1.68579
0.9757200821425743 0.21431623757684723 0.04515386599830101 0.21156366781559868 -0.9755900796766249 0.05886264432530752 0.0566668841926142 -0.04788054664956357 -0.997244361973754 -0.03757600831710797 -0.0021635655418075286 0.24804313275546072 0.0 1.6817469721509104 0.0 1.6817469721509104 1.6817469721509104
0.9800444511593706 0.1968499482424915 0.027621941073297504 0.1962669385624171 -0.9802932684064 0.022458778783234778 0.03149861233554116 -0.01658932771471745 -0.9993661149082996 -0.032332288226780116 -0.00911894917785274 0.25387231052091247 0.0 1.67918 0.0 1.67918 1.67918
0.9971000405553458 0.07347329920360299 -0.019828853437987785 0.07569572322092519 -0.9844063338249942 0.15879019935529706 -0.007852809089011176 -0.15983067361858835 -0.9871132099004853 -0.02426108550137067 0.011336519761656692 0.2591180082567882 -4.384808458546274e-06 1.6521774404860912 -1.3727274428276814e-08 1.6517654364837284 1.6446261839268734
0.9930871899167761 0.11731296373715412 -0.0039372277564489674 0.1171970209453161 -0.9891223053995296 0.08889276260001386 0.006533873640049044 -0.0887396951782259 -0.9960334206214828 -0.027209236021697662 0.0001895091600601015 0.2581533755810005 -4.383768109406105e-06 1.651912831818919 -1.4859380392806543e-08 1.6537758831217255 1.6457867819111955
