-0.752449390861907 0.4998943679189498 0.42886540442714494 -0.5756170752092293 -0.8155674804665662 -0.05928463150758026 0.3201326239531319 -0.29147093462012785 0.9014209878589202 0.30992488642498983 -0.8309416853940034 -0.7941752395410746 0.0 0.0 0.0 0.0 0.0
-0.752449390861907 0.4998943679189498 0.42886540442714494 -0.5756170752092293 -0.8155674804665662 -0.05928463150758026 0.3201326239531319 -0.29147093462012785 0.9014209878589202 0.30992488642498983 -0.8309416853940034 -0.7941752395410746 0.0 0.0 0.0 0.0 0.0
-0.752449390861907 0.4998943679189498 0.42886540442714494 -0.5756170752092293 -0.8155674804665662 -0.05928463150758026 0.3201326239531319 -0.29147093462012785 0.9014209878589202 0.30992488642498983 -0.8309416853940034 -0.7941752395410746 0.0 0.0 0.0 0.0 0.0
-0.752449390861907 0.4998943679189498 0.42886540442714494 -0.5756170752092293 -0.8155674804665662 -0.05928463150758026 0.3201326239531319 -0.29147093462012785 0.9014209878589202 0.30992488642498983 -0.8309416853940034 -0.7941752395410746 0.0 0.0 0.0 0.0 0.0
-0.752449390861907 0.4998943679189498 0.42886540442714494 -0.5756170752092293 -0.8155674804665662 -0.05928463150758026 0.3201326239531319 -0.29147093462012785 0.9014209878589202 0.30992488642498983 -0.8309416853940034 -0.7941752395410746 0.0 0.0 0.0 0.0 0.0
-0.752449390861907 0.4998943679189498 0.42886540442714494 -0.5756170752092293 -0.8155674804665662 -0.05928463150758026 0.3201326239531319 -0.29147093462012785 0.9014209878589202 0.30992488642498983 -0.8309416853940034 -0.7941752395410746 0.0 0.0 0.0 0.0 0.0
-0.752449390861907 0.4998943679189498 0.42886540442714494 -0.5756170752092293 -0.8155674804665662 -0.05928463150758026 0.3201326239531319 -0.29147093462012785 0.9014209878589202 0.30992488642498983 -0.8309416853940034 -0.7941752395410746 0.0 0.0 0.0 0.0 0.0
-0.752449390861907 0.4998943679189498 0.42886540442714494 -0.5756170752092293 -0.8155674804665662 -0.05928463150758026 0.3201326239531319 -0.29147093462012785 0.9014209878589202 0.30992488642498983 -0.8309416853940034 -0.7941752395410746 0.0 0.0 0.0 0.0 0.0
-0.752449390861907 0.4998943679189498 0.42886540442714494 -0.5756170752092293 -0.8155674804665662 -0.05928463150758026 0.3201326239531319 -0.29147093462012785 0.9014209878589202 0.30992488642498983 -0.8309416853940034 -0.7941752395410746 0.0 0.0 0.0 0.0 0.0
-0.752449390861907 0.4998943679189498 0.42886540442714494 -0.5756170752092293 -0.8155674804665662 -0.05928463150758026 0.3201326239531319 -0.29147093462012785 0.9014209878589202 0.30992488642498983 -0.8309416853940034 -0.7941752395410746 0.0 0.0 0.0 0.0 0.0
-0.752449390861907 0.4998943679189498 0.42886540442714494 -0.5756170752092293 -0.8155674804665662 -0.05928463150758026 0.3201326239531319 -0.29147093462012785 0.9014209878589202 0.30992488642498983 -0.8309416853940034 -0.7941752395410746 0.0 0.0 0.0 0.0 0.0
-0.752449390861907 0.4998943679189498 0.42886540442714494 -0.5756170752092293 -0.8155674804665662 -0.05928463150758026 0.3201326239531319 -0.29147093462012785 0.9014209878589202 0.30992488642498983 -0.8309416853940034 -0.7941752395410746 0.0 0.0 0.0 0.0 0.0
-0.752449390861907 0.4998943679189498 0.42886540442714494 -0.5756170752092293 -0.8155674804665662 -0.05928463150758026 0.3201326239531319 -0.29147093462012785 0.9014209878589202 0.30992488642498983 -0.8309416853940034 -0.7941752395410746 0.0 0.0 0.0 0.0 0.0
-0.752449390861907 0.4998943679189498 0.42886540442714494 -0.5756170752092293 -0.8155674804665662 -0.05928463150758026 0.3201326239531319 -0.29147093462012785 0.9014209878589202 0.30992488642498983 -0.8309416853940034 -0.7941752395410746 0.0 0.0 0.0 0.0 0.0
-0.752449390861907 0.4998943679189498 0.42886540442714494 -0.5756170752092293 -0.8155674804665662 -0.05928463150758026 0.3201326239531319 -0.29147093462012785 0.9014209878589202 0.30992488642498983 -0.8309416853940034 -0.7941752395410746 0.0 0.0 0.0 0.0 0.0
-0.752449390861907 0.4998943679189498 0.42886540442714494 -0.5756170752092293 -0.8155674804665662 -0.05928463150758026 0.3201326239531319 -0.29147093462012785 0.9014209878589202 0.30992488642498983 -0.8309416853940034 -0.7941752395410746 0.0 0.0 0.0 0.0 0.0
-0.752449390861907 0.4998943679189498 0.42886540442714494 -0.5756170752092293 -0.8155674804665662 -0.05928463150758026 0.3201326239531319 -0.29147093462012785 0.9014209878589202 0.30992488642498983 -0.8309416853940034 -0.7941752395410746 0.0 0.0 0.0 0.0 0.0
